1900.00  -0.0072169   0.0476691
1900.05  -0.0072561   0.0478739
1900.10  -0.0072962   0.0480791
1900.15  -0.0073373   0.0482845
1900.20  -0.0073794   0.0484903
1900.25  -0.0074225   0.0486964
1900.30  -0.0074665   0.0489027
1900.35  -0.0075116   0.0491093
1900.40  -0.0075577   0.0493162
1900.45  -0.0076048   0.0495234
1900.50  -0.0076529   0.0497307
1900.55  -0.0077020   0.0499383
1900.60  -0.0077522   0.0501462
1900.65  -0.0078034   0.0503542
1900.70  -0.0078557   0.0505624
1900.75  -0.0079090   0.0507709
1900.80  -0.0079633   0.0509795
1900.85  -0.0080187   0.0511882
1900.90  -0.0080752   0.0513972
1900.95  -0.0081327   0.0516062
1901.00  -0.0081913   0.0518154
1901.05  -0.0082510   0.0520248
1901.10  -0.0083117   0.0522342
1901.15  -0.0083735   0.0524438
1901.20  -0.0084364   0.0526535
1901.25  -0.0085004   0.0528632
1901.30  -0.0085655   0.0530730
1901.35  -0.0086316   0.0532829
1901.40  -0.0086988   0.0534929
1901.45  -0.0087671   0.0537029
1901.50  -0.0088365   0.0539130
1901.55  -0.0089070   0.0541230
1901.60  -0.0089786   0.0543332
1901.65  -0.0090513   0.0545433
1901.70  -0.0091250   0.0547534
1901.75  -0.0091998   0.0549636
1901.80  -0.0092757   0.0551737
1901.85  -0.0093527   0.0553838
1901.90  -0.0094308   0.0555939
1901.95  -0.0095099   0.0558039
1902.00  -0.0095901   0.0560140
1902.05  -0.0096713   0.0562240
1902.10  -0.0097537   0.0564339
1902.15  -0.0098370   0.0566438
1902.20  -0.0099214   0.0568536
1902.25  -0.0100069   0.0570634
1902.30  -0.0100934   0.0572731
1902.35  -0.0101809   0.0574827
1902.40  -0.0102694   0.0576923
1902.45  -0.0103589   0.0579017
1902.50  -0.0104495   0.0581111
1902.55  -0.0105410   0.0583204
1902.60  -0.0106335   0.0585296
1902.65  -0.0107270   0.0587388
1902.70  -0.0108214   0.0589478
1902.75  -0.0109168   0.0591567
1902.80  -0.0110131   0.0593656
1902.85  -0.0111103   0.0595743
1902.90  -0.0112085   0.0597830
1902.95  -0.0113075   0.0599916
1903.00  -0.0114074   0.0602001
1903.05  -0.0115082   0.0604084
1903.10  -0.0116098   0.0606167
1903.15  -0.0117123   0.0608250
1903.20  -0.0118155   0.0610331
1903.25  -0.0119196   0.0612412
1903.30  -0.0120244   0.0614491
1903.35  -0.0121300   0.0616571
1903.40  -0.0122364   0.0618649
1903.45  -0.0123434   0.0620727
1903.50  -0.0124512   0.0622804
1903.55  -0.0125596   0.0624881
1903.60  -0.0126686   0.0626958
1903.65  -0.0127783   0.0629034
1903.70  -0.0128886   0.0631110
1903.75  -0.0129995   0.0633186
1903.80  -0.0131110   0.0635262
1903.85  -0.0132229   0.0637338
1903.90  -0.0133354   0.0639414
1903.95  -0.0134484   0.0641491
1904.00  -0.0135618   0.0643568
1904.05  -0.0136756   0.0645645
1904.10  -0.0137898   0.0647723
1904.15  -0.0139045   0.0649802
1904.20  -0.0140194   0.0651882
1904.25  -0.0141346   0.0653962
1904.30  -0.0142502   0.0656044
1904.35  -0.0143659   0.0658128
1904.40  -0.0144819   0.0660212
1904.45  -0.0145981   0.0662299
1904.50  -0.0147144   0.0664387
1904.55  -0.0148309   0.0666477
1904.60  -0.0149474   0.0668569
1904.65  -0.0150640   0.0670664
1904.70  -0.0151806   0.0672761
1904.75  -0.0152972   0.0674861
1904.80  -0.0154137   0.0676963
1904.85  -0.0155302   0.0679069
1904.90  -0.0156465   0.0681178
1904.95  -0.0157627   0.0683290
1905.00  -0.0158787   0.0685406
1905.05  -0.0159944   0.0687525
1905.10  -0.0161099   0.0689649
1905.15  -0.0162251   0.0691777
1905.20  -0.0163399   0.0693909
1905.25  -0.0164544   0.0696045
1905.30  -0.0165684   0.0698187
1905.35  -0.0166820   0.0700333
1905.40  -0.0167951   0.0702484
1905.45  -0.0169077   0.0704641
1905.50  -0.0170197   0.0706803
1905.55  -0.0171311   0.0708971
1905.60  -0.0172418   0.0711145
1905.65  -0.0173519   0.0713325
1905.70  -0.0174612   0.0715512
1905.75  -0.0175698   0.0717704
1905.80  -0.0176776   0.0719904
1905.85  -0.0177845   0.0722110
1905.90  -0.0178906   0.0724324
1905.95  -0.0179958   0.0726544
1906.00  -0.0181000   0.0728772
1906.05  -0.0182032   0.0731008
1906.10  -0.0183054   0.0733251
1906.15  -0.0184066   0.0735502
1906.20  -0.0185066   0.0737761
1906.25  -0.0186055   0.0740028
1906.30  -0.0187033   0.0742303
1906.35  -0.0187998   0.0744587
1906.40  -0.0188951   0.0746879
1906.45  -0.0189891   0.0749179
1906.50  -0.0190818   0.0751489
1906.55  -0.0191732   0.0753807
1906.60  -0.0192632   0.0756134
1906.65  -0.0193517   0.0758470
1906.70  -0.0194389   0.0760816
1906.75  -0.0195245   0.0763170
1906.80  -0.0196087   0.0765533
1906.85  -0.0196913   0.0767906
1906.90  -0.0197723   0.0770287
1906.95  -0.0198518   0.0772678
1907.00  -0.0199296   0.0775078
1907.05  -0.0200057   0.0777488
1907.10  -0.0200802   0.0779906
1907.15  -0.0201529   0.0782334
1907.20  -0.0202240   0.0784771
1907.25  -0.0202932   0.0787217
1907.30  -0.0203607   0.0789671
1907.35  -0.0204264   0.0792135
1907.40  -0.0204902   0.0794607
1907.45  -0.0205522   0.0797088
1907.50  -0.0206123   0.0799578
1907.55  -0.0206705   0.0802076
1907.60  -0.0207268   0.0804582
1907.65  -0.0207811   0.0807097
1907.70  -0.0208335   0.0809619
1907.75  -0.0208839   0.0812149
1907.80  -0.0209323   0.0814686
1907.85  -0.0209788   0.0817231
1907.90  -0.0210232   0.0819782
1907.95  -0.0210656   0.0822341
1908.00  -0.0211059   0.0824906
1908.05  -0.0211442   0.0827477
1908.10  -0.0211804   0.0830054
1908.15  -0.0212145   0.0832636
1908.20  -0.0212466   0.0835224
1908.25  -0.0212765   0.0837816
1908.30  -0.0213044   0.0840414
1908.35  -0.0213302   0.0843015
1908.40  -0.0213538   0.0845620
1908.45  -0.0213753   0.0848228
1908.50  -0.0213947   0.0850840
1908.55  -0.0214120   0.0853453
1908.60  -0.0214272   0.0856069
1908.65  -0.0214402   0.0858687
1908.70  -0.0214511   0.0861305
1908.75  -0.0214599   0.0863925
1908.80  -0.0214666   0.0866544
1908.85  -0.0214711   0.0869163
1908.90  -0.0214736   0.0871782
1908.95  -0.0214739   0.0874399
1909.00  -0.0214721   0.0877013
1909.05  -0.0214682   0.0879626
1909.10  -0.0214622   0.0882235
1909.15  -0.0214542   0.0884841
1909.20  -0.0214440   0.0887443
1909.25  -0.0214318   0.0890039
1909.30  -0.0214176   0.0892631
1909.35  -0.0214012   0.0895216
1909.40  -0.0213829   0.0897795
1909.45  -0.0213625   0.0900367
1909.50  -0.0213401   0.0902930
1909.55  -0.0213157   0.0905486
1909.60  -0.0212893   0.0908032
1909.65  -0.0212610   0.0910568
1909.70  -0.0212307   0.0913094
1909.75  -0.0211984   0.0915609
1909.80  -0.0211642   0.0918112
1909.85  -0.0211281   0.0920603
1909.90  -0.0210902   0.0923081
1909.95  -0.0210503   0.0925545
1910.00  -0.0210086   0.0927995
1910.05  -0.0209650   0.0930429
1910.10  -0.0209196   0.0932849
1910.15  -0.0208724   0.0935252
1910.20  -0.0208235   0.0937638
1910.25  -0.0207727   0.0940006
1910.30  -0.0207202   0.0942356
1910.35  -0.0206660   0.0944687
1910.40  -0.0206101   0.0946999
1910.45  -0.0205525   0.0949291
1910.50  -0.0204933   0.0951561
1910.55  -0.0204324   0.0953811
1910.60  -0.0203698   0.0956038
1910.65  -0.0203057   0.0958243
1910.70  -0.0202400   0.0960425
1910.75  -0.0201728   0.0962582
1910.80  -0.0201040   0.0964716
1910.85  -0.0200337   0.0966824
1910.90  -0.0199619   0.0968907
1910.95  -0.0198886   0.0970964
1911.00  -0.0198139   0.0972995
1911.05  -0.0197377   0.0974998
1911.10  -0.0196602   0.0976974
1911.15  -0.0195812   0.0978921
1911.20  -0.0195009   0.0980840
1911.25  -0.0194193   0.0982730
1911.30  -0.0193363   0.0984591
1911.35  -0.0192521   0.0986422
1911.40  -0.0191666   0.0988222
1911.45  -0.0190798   0.0989992
1911.50  -0.0189917   0.0991730
1911.55  -0.0189025   0.0993437
1911.60  -0.0188120   0.0995113
1911.65  -0.0187204   0.0996756
1911.70  -0.0186276   0.0998366
1911.75  -0.0185337   0.0999944
1911.80  -0.0184387   0.1001489
1911.85  -0.0183426   0.1003001
1911.90  -0.0182454   0.1004479
1911.95  -0.0181471   0.1005923
1912.00  -0.0180478   0.1007334
1912.05  -0.0179474   0.1008710
1912.10  -0.0178461   0.1010052
1912.15  -0.0177437   0.1011360
1912.20  -0.0176404   0.1012634
1912.25  -0.0175361   0.1013873
1912.30  -0.0174309   0.1015077
1912.35  -0.0173248   0.1016246
1912.40  -0.0172177   0.1017381
1912.45  -0.0171097   0.1018481
1912.50  -0.0170009   0.1019547
1912.55  -0.0168912   0.1020578
1912.60  -0.0167806   0.1021574
1912.65  -0.0166692   0.1022536
1912.70  -0.0165570   0.1023463
1912.75  -0.0164439   0.1024357
1912.80  -0.0163301   0.1025216
1912.85  -0.0162154   0.1026041
1912.90  -0.0161000   0.1026833
1912.95  -0.0159838   0.1027591
1913.00  -0.0158668   0.1028315
1913.05  -0.0157491   0.1029007
1913.10  -0.0156307   0.1029666
1913.15  -0.0155115   0.1030292
1913.20  -0.0153916   0.1030887
1913.25  -0.0152710   0.1031449
1913.30  -0.0151497   0.1031980
1913.35  -0.0150276   0.1032480
1913.40  -0.0149049   0.1032949
1913.45  -0.0147816   0.1033388
1913.50  -0.0146575   0.1033797
1913.55  -0.0145328   0.1034177
1913.60  -0.0144074   0.1034527
1913.65  -0.0142813   0.1034849
1913.70  -0.0141546   0.1035143
1913.75  -0.0140272   0.1035410
1913.80  -0.0138993   0.1035649
1913.85  -0.0137706   0.1035862
1913.90  -0.0136414   0.1036049
1913.95  -0.0135115   0.1036211
1914.00  -0.0133809   0.1036348
1914.05  -0.0132498   0.1036460
1914.10  -0.0131180   0.1036549
1914.15  -0.0129857   0.1036615
1914.20  -0.0128527   0.1036659
1914.25  -0.0127191   0.1036681
1914.30  -0.0125849   0.1036682
1914.35  -0.0124501   0.1036662
1914.40  -0.0123147   0.1036623
1914.45  -0.0121786   0.1036564
1914.50  -0.0120420   0.1036487
1914.55  -0.0119048   0.1036392
1914.60  -0.0117670   0.1036280
1914.65  -0.0116286   0.1036152
1914.70  -0.0114896   0.1036008
1914.75  -0.0113500   0.1035848
1914.80  -0.0112098   0.1035675
1914.85  -0.0110691   0.1035488
1914.90  -0.0109277   0.1035288
1914.95  -0.0107858   0.1035076
1915.00  -0.0106432   0.1034852
1915.05  -0.0105001   0.1034618
1915.10  -0.0103564   0.1034374
1915.15  -0.0102121   0.1034120
1915.20  -0.0100673   0.1033858
1915.25  -0.0099218   0.1033588
1915.30  -0.0097758   0.1033311
1915.35  -0.0096292   0.1033027
1915.40  -0.0094821   0.1032737
1915.45  -0.0093344   0.1032443
1915.50  -0.0091861   0.1032144
1915.55  -0.0090372   0.1031842
1915.60  -0.0088878   0.1031536
1915.65  -0.0087378   0.1031228
1915.70  -0.0085873   0.1030919
1915.75  -0.0084362   0.1030609
1915.80  -0.0082846   0.1030299
1915.85  -0.0081324   0.1029989
1915.90  -0.0079797   0.1029680
1915.95  -0.0078265   0.1029373
1916.00  -0.0076727   0.1029069
1916.05  -0.0075184   0.1028767
1916.10  -0.0073636   0.1028470
1916.15  -0.0072083   0.1028176
1916.20  -0.0070525   0.1027888
1916.25  -0.0068962   0.1027605
1916.30  -0.0067394   0.1027328
1916.35  -0.0065821   0.1027058
1916.40  -0.0064244   0.1026795
1916.45  -0.0062662   0.1026540
1916.50  -0.0061076   0.1026293
1916.55  -0.0059485   0.1026055
1916.60  -0.0057890   0.1025827
1916.65  -0.0056291   0.1025609
1916.70  -0.0054687   0.1025401
1916.75  -0.0053080   0.1025205
1916.80  -0.0051469   0.1025020
1916.85  -0.0049855   0.1024847
1916.90  -0.0048237   0.1024686
1916.95  -0.0046616   0.1024538
1917.00  -0.0044991   0.1024404
1917.05  -0.0043364   0.1024283
1917.10  -0.0041734   0.1024177
1917.15  -0.0040101   0.1024086
1917.20  -0.0038466   0.1024009
1917.25  -0.0036828   0.1023948
1917.30  -0.0035189   0.1023903
1917.35  -0.0033547   0.1023873
1917.40  -0.0031904   0.1023861
1917.45  -0.0030260   0.1023865
1917.50  -0.0028614   0.1023887
1917.55  -0.0026968   0.1023926
1917.60  -0.0025320   0.1023983
1917.65  -0.0023673   0.1024058
1917.70  -0.0022025   0.1024152
1917.75  -0.0020377   0.1024264
1917.80  -0.0018730   0.1024396
1917.85  -0.0017083   0.1024546
1917.90  -0.0015437   0.1024717
1917.95  -0.0013793   0.1024907
1918.00  -0.0012150   0.1025117
1918.05  -0.0010509   0.1025347
1918.10  -0.0008870   0.1025597
1918.15  -0.0007234   0.1025869
1918.20  -0.0005600   0.1026161
1918.25  -0.0003970   0.1026474
1918.30  -0.0002343   0.1026808
1918.35  -0.0000720   0.1027164
1918.40   0.0000899   0.1027541
1918.45   0.0002513   0.1027940
1918.50   0.0004123   0.1028361
1918.55   0.0005726   0.1028804
1918.60   0.0007325   0.1029268
1918.65   0.0008917   0.1029755
1918.70   0.0010502   0.1030264
1918.75   0.0012081   0.1030796
1918.80   0.0013652   0.1031350
1918.85   0.0015215   0.1031927
1918.90   0.0016771   0.1032526
1918.95   0.0018317   0.1033148
1919.00   0.0019855   0.1033793
1919.05   0.0021383   0.1034461
1919.10   0.0022902   0.1035152
1919.15   0.0024410   0.1035866
1919.20   0.0025907   0.1036603
1919.25   0.0027393   0.1037363
1919.30   0.0028867   0.1038146
1919.35   0.0030330   0.1038953
1919.40   0.0031779   0.1039782
1919.45   0.0033216   0.1040635
1919.50   0.0034639   0.1041511
1919.55   0.0036048   0.1042411
1919.60   0.0037443   0.1043333
1919.65   0.0038823   0.1044279
1919.70   0.0040187   0.1045249
1919.75   0.0041536   0.1046241
1919.80   0.0042868   0.1047257
1919.85   0.0044183   0.1048297
1919.90   0.0045482   0.1049360
1919.95   0.0046762   0.1050445
1920.00   0.0048025   0.1051555
1920.05   0.0049269   0.1052687
1920.10   0.0050493   0.1053843
1920.15   0.0051698   0.1055022
1920.20   0.0052883   0.1056225
1920.25   0.0054048   0.1057450
1920.30   0.0055192   0.1058699
1920.35   0.0056314   0.1059971
1920.40   0.0057415   0.1061266
1920.45   0.0058493   0.1062584
1920.50   0.0059549   0.1063925
1920.55   0.0060581   0.1065289
1920.60   0.0061590   0.1066676
1920.65   0.0062575   0.1068087
1920.70   0.0063536   0.1069520
1920.75   0.0064471   0.1070976
1920.80   0.0065382   0.1072455
1920.85   0.0066267   0.1073956
1920.90   0.0067126   0.1075481
1920.95   0.0067959   0.1077028
1921.00   0.0068765   0.1078598
1921.05   0.0069544   0.1080190
1921.10   0.0070296   0.1081806
1921.15   0.0071020   0.1083443
1921.20   0.0071715   0.1085104
1921.25   0.0072383   0.1086786
1921.30   0.0073021   0.1088491
1921.35   0.0073631   0.1090219
1921.40   0.0074211   0.1091969
1921.45   0.0074762   0.1093741
1921.50   0.0075283   0.1095536
1921.55   0.0075773   0.1097352
1921.60   0.0076234   0.1099191
1921.65   0.0076663   0.1101052
1921.70   0.0077062   0.1102935
1921.75   0.0077430   0.1104840
1921.80   0.0077767   0.1106767
1921.85   0.0078072   0.1108716
1921.90   0.0078345   0.1110687
1921.95   0.0078587   0.1112680
1922.00   0.0078797   0.1114694
1922.05   0.0078975   0.1116730
1922.10   0.0079121   0.1118788
1922.15   0.0079234   0.1120868
1922.20   0.0079316   0.1122969
1922.25   0.0079364   0.1125092
1922.30   0.0079381   0.1127237
1922.35   0.0079365   0.1129402
1922.40   0.0079316   0.1131590
1922.45   0.0079235   0.1133798
1922.50   0.0079121   0.1136028
1922.55   0.0078974   0.1138280
1922.60   0.0078795   0.1140552
1922.65   0.0078584   0.1142846
1922.70   0.0078340   0.1145161
1922.75   0.0078064   0.1147498
1922.80   0.0077756   0.1149855
1922.85   0.0077415   0.1152233
1922.90   0.0077042   0.1154633
1922.95   0.0076638   0.1157053
1923.00   0.0076202   0.1159495
1923.05   0.0075734   0.1161957
1923.10   0.0075234   0.1164440
1923.15   0.0074703   0.1166944
1923.20   0.0074142   0.1169469
1923.25   0.0073549   0.1172014
1923.30   0.0072926   0.1174581
1923.35   0.0072272   0.1177167
1923.40   0.0071588   0.1179775
1923.45   0.0070874   0.1182403
1923.50   0.0070131   0.1185052
1923.55   0.0069359   0.1187721
1923.60   0.0068557   0.1190411
1923.65   0.0067727   0.1193121
1923.70   0.0066868   0.1195851
1923.75   0.0065981   0.1198602
1923.80   0.0065067   0.1201373
1923.85   0.0064125   0.1204164
1923.90   0.0063156   0.1206976
1923.95   0.0062161   0.1209808
1924.00   0.0061140   0.1212660
1924.05   0.0060092   0.1215532
1924.10   0.0059020   0.1218424
1924.15   0.0057922   0.1221336
1924.20   0.0056800   0.1224268
1924.25   0.0055654   0.1227220
1924.30   0.0054484   0.1230192
1924.35   0.0053291   0.1233183
1924.40   0.0052075   0.1236194
1924.45   0.0050837   0.1239225
1924.50   0.0049577   0.1242276
1924.55   0.0048296   0.1245346
1924.60   0.0046994   0.1248436
1924.65   0.0045671   0.1251545
1924.70   0.0044329   0.1254673
1924.75   0.0042967   0.1257821
1924.80   0.0041587   0.1260988
1924.85   0.0040188   0.1264174
1924.90   0.0038771   0.1267379
1924.95   0.0037337   0.1270603
1925.00   0.0035886   0.1273846
1925.05   0.0034419   0.1277108
1925.10   0.0032936   0.1280389
1925.15   0.0031438   0.1283688
1925.20   0.0029925   0.1287006
1925.25   0.0028398   0.1290342
1925.30   0.0026857   0.1293697
1925.35   0.0025302   0.1297070
1925.40   0.0023736   0.1300461
1925.45   0.0022157   0.1303870
1925.50   0.0020566   0.1307297
1925.55   0.0018965   0.1310741
1925.60   0.0017352   0.1314204
1925.65   0.0015730   0.1317684
1925.70   0.0014098   0.1321181
1925.75   0.0012457   0.1324695
1925.80   0.0010808   0.1328227
1925.85   0.0009151   0.1331775
1925.90   0.0007486   0.1335340
1925.95   0.0005814   0.1338922
1926.00   0.0004135   0.1342521
1926.05   0.0002451   0.1346135
1926.10   0.0000760   0.1349766
1926.15  -0.0000935   0.1353412
1926.20  -0.0002635   0.1357075
1926.25  -0.0004339   0.1360752
1926.30  -0.0006046   0.1364445
1926.35  -0.0007757   0.1368154
1926.40  -0.0009471   0.1371877
1926.45  -0.0011187   0.1375615
1926.50  -0.0012905   0.1379367
1926.55  -0.0014625   0.1383133
1926.60  -0.0016345   0.1386914
1926.65  -0.0018067   0.1390708
1926.70  -0.0019788   0.1394516
1926.75  -0.0021509   0.1398336
1926.80  -0.0023230   0.1402170
1926.85  -0.0024950   0.1406017
1926.90  -0.0026669   0.1409876
1926.95  -0.0028385   0.1413747
1927.00  -0.0030100   0.1417630
1927.05  -0.0031813   0.1421525
1927.10  -0.0033522   0.1425431
1927.15  -0.0035229   0.1429348
1927.20  -0.0036932   0.1433276
1927.25  -0.0038631   0.1437214
1927.30  -0.0040327   0.1441162
1927.35  -0.0042017   0.1445119
1927.40  -0.0043704   0.1449086
1927.45  -0.0045385   0.1453062
1927.50  -0.0047061   0.1457047
1927.55  -0.0048732   0.1461041
1927.60  -0.0050396   0.1465042
1927.65  -0.0052055   0.1469051
1927.70  -0.0053707   0.1473067
1927.75  -0.0055353   0.1477090
1927.80  -0.0056992   0.1481119
1927.85  -0.0058624   0.1485155
1927.90  -0.0060249   0.1489197
1927.95  -0.0061866   0.1493244
1928.00  -0.0063476   0.1497295
1928.05  -0.0065078   0.1501352
1928.10  -0.0066671   0.1505413
1928.15  -0.0068257   0.1509477
1928.20  -0.0069834   0.1513545
1928.25  -0.0071402   0.1517616
1928.30  -0.0072961   0.1521690
1928.35  -0.0074512   0.1525766
1928.40  -0.0076053   0.1529843
1928.45  -0.0077585   0.1533922
1928.50  -0.0079108   0.1538002
1928.55  -0.0080621   0.1542083
1928.60  -0.0082124   0.1546163
1928.65  -0.0083617   0.1550243
1928.70  -0.0085100   0.1554323
1928.75  -0.0086574   0.1558401
1928.80  -0.0088036   0.1562478
1928.85  -0.0089489   0.1566552
1928.90  -0.0090931   0.1570624
1928.95  -0.0092362   0.1574694
1929.00  -0.0093783   0.1578760
1929.05  -0.0095192   0.1582822
1929.10  -0.0096591   0.1586880
1929.15  -0.0097979   0.1590933
1929.20  -0.0099355   0.1594982
1929.25  -0.0100720   0.1599025
1929.30  -0.0102074   0.1603062
1929.35  -0.0103416   0.1607093
1929.40  -0.0104747   0.1611117
1929.45  -0.0106066   0.1615135
1929.50  -0.0107373   0.1619144
1929.55  -0.0108668   0.1623146
1929.60  -0.0109951   0.1627140
1929.65  -0.0111223   0.1631124
1929.70  -0.0112482   0.1635100
1929.75  -0.0113728   0.1639066
1929.80  -0.0114962   0.1643023
1929.85  -0.0116184   0.1646969
1929.90  -0.0117393   0.1650904
1929.95  -0.0118590   0.1654829
1930.00  -0.0119773   0.1658742
1930.05  -0.0120944   0.1662643
1930.10  -0.0122102   0.1666532
1930.15  -0.0123246   0.1670409
1930.20  -0.0124378   0.1674273
1930.25  -0.0125496   0.1678124
1930.30  -0.0126600   0.1681962
1930.35  -0.0127691   0.1685785
1930.40  -0.0128768   0.1689595
1930.45  -0.0129831   0.1693390
1930.50  -0.0130880   0.1697171
1930.55  -0.0131915   0.1700937
1930.60  -0.0132936   0.1704687
1930.65  -0.0133942   0.1708422
1930.70  -0.0134934   0.1712141
1930.75  -0.0135911   0.1715844
1930.80  -0.0136873   0.1719531
1930.85  -0.0137820   0.1723201
1930.90  -0.0138752   0.1726854
1930.95  -0.0139668   0.1730491
1931.00  -0.0140569   0.1734110
1931.05  -0.0141454   0.1737712
1931.10  -0.0142324   0.1741296
1931.15  -0.0143177   0.1744862
1931.20  -0.0144014   0.1748410
1931.25  -0.0144835   0.1751940
1931.30  -0.0145639   0.1755452
1931.35  -0.0146426   0.1758946
1931.40  -0.0147197   0.1762420
1931.45  -0.0147950   0.1765876
1931.50  -0.0148685   0.1769313
1931.55  -0.0149403   0.1772732
1931.60  -0.0150103   0.1776131
1931.65  -0.0150785   0.1779511
1931.70  -0.0151449   0.1782871
1931.75  -0.0152094   0.1786213
1931.80  -0.0152720   0.1789535
1931.85  -0.0153328   0.1792837
1931.90  -0.0153916   0.1796120
1931.95  -0.0154485   0.1799384
1932.00  -0.0155034   0.1802628
1932.05  -0.0155563   0.1805853
1932.10  -0.0156072   0.1809058
1932.15  -0.0156560   0.1812244
1932.20  -0.0157028   0.1815410
1932.25  -0.0157475   0.1818557
1932.30  -0.0157900   0.1821684
1932.35  -0.0158305   0.1824792
1932.40  -0.0158687   0.1827881
1932.45  -0.0159047   0.1830950
1932.50  -0.0159386   0.1834000
1932.55  -0.0159701   0.1837031
1932.60  -0.0159994   0.1840044
1932.65  -0.0160264   0.1843037
1932.70  -0.0160511   0.1846011
1932.75  -0.0160734   0.1848967
1932.80  -0.0160934   0.1851905
1932.85  -0.0161109   0.1854823
1932.90  -0.0161261   0.1857724
1932.95  -0.0161387   0.1860607
1933.00  -0.0161489   0.1863471
1933.05  -0.0161566   0.1866318
1933.10  -0.0161617   0.1869147
1933.15  -0.0161643   0.1871959
1933.20  -0.0161643   0.1874754
1933.25  -0.0161617   0.1877531
1933.30  -0.0161565   0.1880292
1933.35  -0.0161487   0.1883035
1933.40  -0.0161381   0.1885763
1933.45  -0.0161249   0.1888474
1933.50  -0.0161090   0.1891169
1933.55  -0.0160903   0.1893848
1933.60  -0.0160689   0.1896512
1933.65  -0.0160447   0.1899161
1933.70  -0.0160177   0.1901794
1933.75  -0.0159879   0.1904412
1933.80  -0.0159553   0.1907016
1933.85  -0.0159198   0.1909605
1933.90  -0.0158814   0.1912180
1933.95  -0.0158402   0.1914741
1934.00  -0.0157961   0.1917289
1934.05  -0.0157491   0.1919823
1934.10  -0.0156991   0.1922344
1934.15  -0.0156462   0.1924852
1934.20  -0.0155904   0.1927347
1934.25  -0.0155316   0.1929830
1934.30  -0.0154699   0.1932301
1934.35  -0.0154052   0.1934760
1934.40  -0.0153375   0.1937207
1934.45  -0.0152668   0.1939643
1934.50  -0.0151931   0.1942067
1934.55  -0.0151165   0.1944481
1934.60  -0.0150368   0.1946884
1934.65  -0.0149541   0.1949276
1934.70  -0.0148685   0.1951659
1934.75  -0.0147799   0.1954031
1934.80  -0.0146882   0.1956394
1934.85  -0.0145936   0.1958747
1934.90  -0.0144960   0.1961090
1934.95  -0.0143954   0.1963425
1935.00  -0.0142918   0.1965751
1935.05  -0.0141853   0.1968068
1935.10  -0.0140758   0.1970377
1935.15  -0.0139634   0.1972678
1935.20  -0.0138481   0.1974970
1935.25  -0.0137299   0.1977255
1935.30  -0.0136087   0.1979532
1935.35  -0.0134847   0.1981802
1935.40  -0.0133579   0.1984064
1935.45  -0.0132282   0.1986319
1935.50  -0.0130957   0.1988567
1935.55  -0.0129603   0.1990808
1935.60  -0.0128223   0.1993042
1935.65  -0.0126815   0.1995270
1935.70  -0.0125380   0.1997491
1935.75  -0.0123918   0.1999705
1935.80  -0.0122429   0.2001914
1935.85  -0.0120914   0.2004116
1935.90  -0.0119374   0.2006312
1935.95  -0.0117808   0.2008502
1936.00  -0.0116217   0.2010686
1936.05  -0.0114601   0.2012864
1936.10  -0.0112961   0.2015037
1936.15  -0.0111297   0.2017203
1936.20  -0.0109609   0.2019364
1936.25  -0.0107898   0.2021518
1936.30  -0.0106165   0.2023667
1936.35  -0.0104410   0.2025810
1936.40  -0.0102633   0.2027948
1936.45  -0.0100834   0.2030079
1936.50  -0.0099015   0.2032205
1936.55  -0.0097176   0.2034324
1936.60  -0.0095317   0.2036438
1936.65  -0.0093439   0.2038545
1936.70  -0.0091543   0.2040647
1936.75  -0.0089629   0.2042742
1936.80  -0.0087697   0.2044830
1936.85  -0.0085748   0.2046913
1936.90  -0.0083783   0.2048989
1936.95  -0.0081803   0.2051058
1937.00  -0.0079807   0.2053120
1937.05  -0.0077797   0.2055175
1937.10  -0.0075774   0.2057223
1937.15  -0.0073737   0.2059264
1937.20  -0.0071687   0.2061297
1937.25  -0.0069626   0.2063323
1937.30  -0.0067554   0.2065341
1937.35  -0.0065471   0.2067351
1937.40  -0.0063378   0.2069352
1937.45  -0.0061276   0.2071345
1937.50  -0.0059165   0.2073329
1937.55  -0.0057047   0.2075305
1937.60  -0.0054921   0.2077271
1937.65  -0.0052789   0.2079227
1937.70  -0.0050651   0.2081174
1937.75  -0.0048508   0.2083112
1937.80  -0.0046361   0.2085038
1937.85  -0.0044210   0.2086955
1937.90  -0.0042055   0.2088860
1937.95  -0.0039899   0.2090755
1938.00  -0.0037740   0.2092638
1938.05  -0.0035581   0.2094509
1938.10  -0.0033421   0.2096369
1938.15  -0.0031262   0.2098216
1938.20  -0.0029104   0.2100051
1938.25  -0.0026947   0.2101873
1938.30  -0.0024793   0.2103682
1938.35  -0.0022642   0.2105478
1938.40  -0.0020494   0.2107259
1938.45  -0.0018351   0.2109027
1938.50  -0.0016213   0.2110780
1938.55  -0.0014080   0.2112519
1938.60  -0.0011953   0.2114242
1938.65  -0.0009833   0.2115951
1938.70  -0.0007721   0.2117644
1938.75  -0.0005616   0.2119320
1938.80  -0.0003520   0.2120981
1938.85  -0.0001433   0.2122625
1938.90   0.0000645   0.2124252
1938.95   0.0002712   0.2125863
1939.00   0.0004769   0.2127456
1939.05   0.0006814   0.2129031
1939.10   0.0008848   0.2130588
1939.15   0.0010870   0.2132128
1939.20   0.0012879   0.2133648
1939.25   0.0014875   0.2135150
1939.30   0.0016858   0.2136633
1939.35   0.0018827   0.2138097
1939.40   0.0020781   0.2139542
1939.45   0.0022721   0.2140967
1939.50   0.0024646   0.2142372
1939.55   0.0026556   0.2143757
1939.60   0.0028450   0.2145122
1939.65   0.0030328   0.2146466
1939.70   0.0032190   0.2147790
1939.75   0.0034035   0.2149093
1939.80   0.0035864   0.2150375
1939.85   0.0037676   0.2151636
1939.90   0.0039470   0.2152876
1939.95   0.0041248   0.2154094
1940.00   0.0043008   0.2155291
1940.05   0.0044750   0.2156467
1940.10   0.0046475   0.2157621
1940.15   0.0048181   0.2158754
1940.20   0.0049870   0.2159865
1940.25   0.0051541   0.2160954
1940.30   0.0053194   0.2162022
1940.35   0.0054829   0.2163068
1940.40   0.0056447   0.2164092
1940.45   0.0058046   0.2165095
1940.50   0.0059627   0.2166076
1940.55   0.0061191   0.2167036
1940.60   0.0062737   0.2167974
1940.65   0.0064265   0.2168891
1940.70   0.0065776   0.2169786
1940.75   0.0067269   0.2170661
1940.80   0.0068746   0.2171514
1940.85   0.0070206   0.2172347
1940.90   0.0071649   0.2173159
1940.95   0.0073075   0.2173950
1941.00   0.0074485   0.2174721
1941.05   0.0075880   0.2175472
1941.10   0.0077259   0.2176204
1941.15   0.0078622   0.2176915
1941.20   0.0079970   0.2177608
1941.25   0.0081304   0.2178281
1941.30   0.0082624   0.2178936
1941.35   0.0083929   0.2179572
1941.40   0.0085221   0.2180191
1941.45   0.0086500   0.2180791
1941.50   0.0087767   0.2181374
1941.55   0.0089021   0.2181940
1941.60   0.0090263   0.2182489
1941.65   0.0091493   0.2183022
1941.70   0.0092713   0.2183540
1941.75   0.0093923   0.2184042
1941.80   0.0095122   0.2184528
1941.85   0.0096312   0.2185001
1941.90   0.0097493   0.2185459
1941.95   0.0098665   0.2185903
1942.00   0.0099830   0.2186334
1942.05   0.0100987   0.2186753
1942.10   0.0102138   0.2187160
1942.15   0.0103282   0.2187554
1942.20   0.0104420   0.2187938
1942.25   0.0105553   0.2188311
1942.30   0.0106681   0.2188674
1942.35   0.0107806   0.2189027
1942.40   0.0108926   0.2189371
1942.45   0.0110044   0.2189707
1942.50   0.0111159   0.2190035
1942.55   0.0112272   0.2190355
1942.60   0.0113384   0.2190669
1942.65   0.0114495   0.2190976
1942.70   0.0115605   0.2191277
1942.75   0.0116716   0.2191574
1942.80   0.0117828   0.2191866
1942.85   0.0118941   0.2192154
1942.90   0.0120056   0.2192439
1942.95   0.0121173   0.2192721
1943.00   0.0122293   0.2193000
1943.05   0.0123417   0.2193278
1943.10   0.0124544   0.2193555
1943.15   0.0125675   0.2193831
1943.20   0.0126812   0.2194108
1943.25   0.0127953   0.2194385
1943.30   0.0129101   0.2194663
1943.35   0.0130254   0.2194943
1943.40   0.0131414   0.2195226
1943.45   0.0132581   0.2195511
1943.50   0.0133756   0.2195799
1943.55   0.0134938   0.2196092
1943.60   0.0136128   0.2196389
1943.65   0.0137327   0.2196691
1943.70   0.0138534   0.2196998
1943.75   0.0139751   0.2197312
1943.80   0.0140977   0.2197632
1943.85   0.0142212   0.2197959
1943.90   0.0143458   0.2198293
1943.95   0.0144714   0.2198636
1944.00   0.0145980   0.2198987
1944.05   0.0147256   0.2199346
1944.10   0.0148544   0.2199715
1944.15   0.0149842   0.2200094
1944.20   0.0151152   0.2200482
1944.25   0.0152472   0.2200881
1944.30   0.0153805   0.2201291
1944.35   0.0155148   0.2201713
1944.40   0.0156503   0.2202146
1944.45   0.0157869   0.2202591
1944.50   0.0159247   0.2203048
1944.55   0.0160637   0.2203518
1944.60   0.0162038   0.2204000
1944.65   0.0163450   0.2204496
1944.70   0.0164874   0.2205006
1944.75   0.0166309   0.2205529
1944.80   0.0167756   0.2206066
1944.85   0.0169213   0.2206618
1944.90   0.0170682   0.2207184
1944.95   0.0172161   0.2207764
1945.00   0.0173651   0.2208360
1945.05   0.0175151   0.2208970
1945.10   0.0176662   0.2209596
1945.15   0.0178182   0.2210237
1945.20   0.0179712   0.2210894
1945.25   0.0181252   0.2211566
1945.30   0.0182800   0.2212255
1945.35   0.0184358   0.2212959
1945.40   0.0185923   0.2213678
1945.45   0.0187497   0.2214414
1945.50   0.0189079   0.2215166
1945.55   0.0190668   0.2215934
1945.60   0.0192263   0.2216719
1945.65   0.0193866   0.2217519
1945.70   0.0195474   0.2218336
1945.75   0.0197088   0.2219168
1945.80   0.0198707   0.2220017
1945.85   0.0200331   0.2220883
1945.90   0.0201959   0.2221764
1945.95   0.0203591   0.2222661
1946.00   0.0205226   0.2223575
1946.05   0.0206864   0.2224504
1946.10   0.0208503   0.2225450
1946.15   0.0210145   0.2226411
1946.20   0.0211787   0.2227388
1946.25   0.0213430   0.2228381
1946.30   0.0215073   0.2229389
1946.35   0.0216716   0.2230413
1946.40   0.0218357   0.2231452
1946.45   0.0219996   0.2232507
1946.50   0.0221634   0.2233577
1946.55   0.0223268   0.2234661
1946.60   0.0224898   0.2235761
1946.65   0.0226525   0.2236876
1946.70   0.0228146   0.2238005
1946.75   0.0229763   0.2239149
1946.80   0.0231373   0.2240308
1946.85   0.0232977   0.2241480
1946.90   0.0234574   0.2242667
1946.95   0.0236163   0.2243868
1947.00   0.0237744   0.2245083
1947.05   0.0239316   0.2246312
1947.10   0.0240878   0.2247554
1947.15   0.0242430   0.2248810
1947.20   0.0243972   0.2250079
1947.25   0.0245502   0.2251362
1947.30   0.0247021   0.2252658
1947.35   0.0248527   0.2253967
1947.40   0.0250020   0.2255289
1947.45   0.0251500   0.2256624
1947.50   0.0252966   0.2257971
1947.55   0.0254418   0.2259332
1947.60   0.0255854   0.2260704
1947.65   0.0257275   0.2262090
1947.70   0.0258679   0.2263488
1947.75   0.0260068   0.2264898
1947.80   0.0261439   0.2266320
1947.85   0.0262792   0.2267755
1947.90   0.0264128   0.2269202
1947.95   0.0265446   0.2270661
1948.00   0.0266744   0.2272132
1948.05   0.0268024   0.2273615
1948.10   0.0269284   0.2275111
1948.15   0.0270524   0.2276618
1948.20   0.0271743   0.2278137
1948.25   0.0272942   0.2279669
1948.30   0.0274120   0.2281213
1948.35   0.0275276   0.2282768
1948.40   0.0276411   0.2284336
1948.45   0.0277524   0.2285916
1948.50   0.0278614   0.2287508
1948.55   0.0279683   0.2289113
1948.60   0.0280728   0.2290730
1948.65   0.0281750   0.2292359
1948.70   0.0282749   0.2294001
1948.75   0.0283725   0.2295655
1948.80   0.0284678   0.2297323
1948.85   0.0285606   0.2299002
1948.90   0.0286511   0.2300695
1948.95   0.0287391   0.2302401
1949.00   0.0288248   0.2304120
1949.05   0.0289080   0.2305852
1949.10   0.0289888   0.2307598
1949.15   0.0290672   0.2309357
1949.20   0.0291431   0.2311130
1949.25   0.0292166   0.2312917
1949.30   0.0292876   0.2314718
1949.35   0.0293562   0.2316534
1949.40   0.0294224   0.2318363
1949.45   0.0294861   0.2320207
1949.50   0.0295474   0.2322066
1949.55   0.0296062   0.2323940
1949.60   0.0296626   0.2325829
1949.65   0.0297166   0.2327733
1949.70   0.0297682   0.2329653
1949.75   0.0298174   0.2331588
1949.80   0.0298642   0.2333539
1949.85   0.0299087   0.2335507
1949.90   0.0299507   0.2337490
1949.95   0.0299905   0.2339490
1950.00   0.0300279   0.2341507
1950.05   0.0300631   0.2343540
1950.10   0.0300959   0.2345590
1950.15   0.0301265   0.2347658
1950.20   0.0301549   0.2349743
1950.25   0.0301810   0.2351845
1950.30   0.0302049   0.2353965
1950.35   0.0302267   0.2356103
1950.40   0.0302463   0.2358258
1950.45   0.0302638   0.2360432
1950.50   0.0302793   0.2362624
1950.55   0.0302926   0.2364835
1950.60   0.0303039   0.2367064
1950.65   0.0303133   0.2369312
1950.70   0.0303206   0.2371578
1950.75   0.0303260   0.2373863
1950.80   0.0303295   0.2376167
1950.85   0.0303311   0.2378490
1950.90   0.0303308   0.2380832
1950.95   0.0303287   0.2383193
1951.00   0.0303248   0.2385574
1951.05   0.0303192   0.2387973
1951.10   0.0303118   0.2390391
1951.15   0.0303027   0.2392829
1951.20   0.0302920   0.2395285
1951.25   0.0302796   0.2397761
1951.30   0.0302657   0.2400255
1951.35   0.0302501   0.2402769
1951.40   0.0302331   0.2405301
1951.45   0.0302145   0.2407852
1951.50   0.0301945   0.2410421
1951.55   0.0301730   0.2413009
1951.60   0.0301501   0.2415614
1951.65   0.0301259   0.2418238
1951.70   0.0301003   0.2420880
1951.75   0.0300734   0.2423539
1951.80   0.0300452   0.2426216
1951.85   0.0300157   0.2428909
1951.90   0.0299850   0.2431620
1951.95   0.0299532   0.2434347
1952.00   0.0299201   0.2437089
1952.05   0.0298859   0.2439848
1952.10   0.0298506   0.2442622
1952.15   0.0298143   0.2445411
1952.20   0.0297768   0.2448214
1952.25   0.0297383   0.2451032
1952.30   0.0296989   0.2453863
1952.35   0.0296584   0.2456707
1952.40   0.0296170   0.2459564
1952.45   0.0295746   0.2462433
1952.50   0.0295313   0.2465313
1952.55   0.0294871   0.2468205
1952.60   0.0294421   0.2471106
1952.65   0.0293962   0.2474017
1952.70   0.0293494   0.2476938
1952.75   0.0293018   0.2479866
1952.80   0.0292534   0.2482802
1952.85   0.0292043   0.2485745
1952.90   0.0291543   0.2488695
1952.95   0.0291036   0.2491649
1953.00   0.0290522   0.2494608
1953.05   0.0290000   0.2497571
1953.10   0.0289471   0.2500537
1953.15   0.0288935   0.2503505
1953.20   0.0288392   0.2506474
1953.25   0.0287842   0.2509444
1953.30   0.0287285   0.2512413
1953.35   0.0286721   0.2515380
1953.40   0.0286151   0.2518345
1953.45   0.0285574   0.2521307
1953.50   0.0284990   0.2524264
1953.55   0.0284400   0.2527215
1953.60   0.0283803   0.2530160
1953.65   0.0283200   0.2533098
1953.70   0.0282590   0.2536027
1953.75   0.0281974   0.2538946
1953.80   0.0281351   0.2541855
1953.85   0.0280721   0.2544751
1953.90   0.0280085   0.2547635
1953.95   0.0279442   0.2550504
1954.00   0.0278793   0.2553359
1954.05   0.0278137   0.2556196
1954.10   0.0277474   0.2559017
1954.15   0.0276804   0.2561818
1954.20   0.0276128   0.2564600
1954.25   0.0275444   0.2567360
1954.30   0.0274753   0.2570098
1954.35   0.0274055   0.2572812
1954.40   0.0273350   0.2575502
1954.45   0.0272638   0.2578165
1954.50   0.0271918   0.2580801
1954.55   0.0271190   0.2583409
1954.60   0.0270455   0.2585986
1954.65   0.0269712   0.2588533
1954.70   0.0268960   0.2591048
1954.75   0.0268201   0.2593529
1954.80   0.0267433   0.2595975
1954.85   0.0266657   0.2598385
1954.90   0.0265873   0.2600758
1954.95   0.0265079   0.2603092
1955.00   0.0264277   0.2605387
1955.05   0.0263466   0.2607640
1955.10   0.0262645   0.2609851
1955.15   0.0261815   0.2612019
1955.20   0.0260976   0.2614142
1955.25   0.0260126   0.2616219
1955.30   0.0259267   0.2618249
1955.35   0.0258398   0.2620231
1955.40   0.0257518   0.2622163
1955.45   0.0256628   0.2624045
1955.50   0.0255727   0.2625874
1955.55   0.0254815   0.2627651
1955.60   0.0253892   0.2629373
1955.65   0.0252958   0.2631040
1955.70   0.0252013   0.2632651
1955.75   0.0251056   0.2634204
1955.80   0.0250087   0.2635698
1955.85   0.0249106   0.2637133
1955.90   0.0248113   0.2638508
1955.95   0.0247107   0.2639820
1956.00   0.0246089   0.2641070
1956.05   0.0245059   0.2642256
1956.10   0.0244015   0.2643378
1956.15   0.0242959   0.2644434
1956.20   0.0241889   0.2645423
1956.25   0.0240805   0.2646346
1956.30   0.0239708   0.2647200
1956.35   0.0238597   0.2647985
1956.40   0.0237473   0.2648700
1956.45   0.0236334   0.2649344
1956.50   0.0235181   0.2649917
1956.55   0.0234014   0.2650418
1956.60   0.0232832   0.2650846
1956.65   0.0231635   0.2651201
1956.70   0.0230423   0.2651481
1956.75   0.0229197   0.2651687
1956.80   0.0227955   0.2651818
1956.85   0.0226699   0.2651872
1956.90   0.0225427   0.2651851
1956.95   0.0224139   0.2651753
1957.00   0.0222836   0.2651577
1957.05   0.0221517   0.2651324
1957.10   0.0220183   0.2650992
1957.15   0.0218832   0.2650583
1957.20   0.0217466   0.2650095
1957.25   0.0216084   0.2649528
1957.30   0.0214686   0.2648881
1957.35   0.0213272   0.2648156
1957.40   0.0211841   0.2647351
1957.45   0.0210394   0.2646466
1957.50   0.0208932   0.2645502
1957.55   0.0207453   0.2644458
1957.60   0.0205957   0.2643335
1957.65   0.0204445   0.2642131
1957.70   0.0202918   0.2640848
1957.75   0.0201373   0.2639486
1957.80   0.0199813   0.2638044
1957.85   0.0198236   0.2636524
1957.90   0.0196643   0.2634924
1957.95   0.0195034   0.2633245
1958.00   0.0193409   0.2631489
1958.05   0.0191768   0.2629654
1958.10   0.0190110   0.2627742
1958.15   0.0188437   0.2625752
1958.20   0.0186748   0.2623686
1958.25   0.0185043   0.2621543
1958.30   0.0183323   0.2619325
1958.35   0.0181587   0.2617031
1958.40   0.0179836   0.2614663
1958.45   0.0178069   0.2612221
1958.50   0.0176288   0.2609706
1958.55   0.0174491   0.2607118
1958.60   0.0172680   0.2604458
1958.65   0.0170854   0.2601727
1958.70   0.0169013   0.2598926
1958.75   0.0167158   0.2596056
1958.80   0.0165289   0.2593117
1958.85   0.0163407   0.2590111
1958.90   0.0161511   0.2587038
1958.95   0.0159601   0.2583899
1959.00   0.0157678   0.2580696
1959.05   0.0155742   0.2577429
1959.10   0.0153794   0.2574099
1959.15   0.0151833   0.2570708
1959.20   0.0149860   0.2567257
1959.25   0.0147875   0.2563747
1959.30   0.0145879   0.2560178
1959.35   0.0143872   0.2556553
1959.40   0.0141853   0.2552873
1959.45   0.0139824   0.2549138
1959.50   0.0137785   0.2545350
1959.55   0.0135736   0.2541510
1959.60   0.0133677   0.2537621
1959.65   0.0131609   0.2533682
1959.70   0.0129532   0.2529695
1959.75   0.0127446   0.2525662
1959.80   0.0125353   0.2521585
1959.85   0.0123251   0.2517464
1959.90   0.0121143   0.2513301
1959.95   0.0119027   0.2509097
1960.00   0.0116905   0.2504855
1960.05   0.0114777   0.2500575
1960.10   0.0112643   0.2496258
1960.15   0.0110504   0.2491908
1960.20   0.0108360   0.2487524
1960.25   0.0106211   0.2483109
1960.30   0.0104059   0.2478664
1960.35   0.0101903   0.2474191
1960.40   0.0099744   0.2469691
1960.45   0.0097583   0.2465165
1960.50   0.0095419   0.2460616
1960.55   0.0093254   0.2456045
1960.60   0.0091088   0.2451454
1960.65   0.0088921   0.2446843
1960.70   0.0086754   0.2442215
1960.75   0.0084587   0.2437572
1960.80   0.0082421   0.2432914
1960.85   0.0080257   0.2428244
1960.90   0.0078094   0.2423563
1960.95   0.0075933   0.2418872
1961.00   0.0073775   0.2414174
1961.05   0.0071621   0.2409469
1961.10   0.0069471   0.2404759
1961.15   0.0067324   0.2400047
1961.20   0.0065183   0.2395333
1961.25   0.0063047   0.2390619
1961.30   0.0060917   0.2385906
1961.35   0.0058793   0.2381197
1961.40   0.0056676   0.2376492
1961.45   0.0054567   0.2371793
1961.50   0.0052466   0.2367101
1961.55   0.0050373   0.2362419
1961.60   0.0048289   0.2357747
1961.65   0.0046214   0.2353086
1961.70   0.0044149   0.2348440
1961.75   0.0042095   0.2343808
1961.80   0.0040052   0.2339192
1961.85   0.0038020   0.2334593
1961.90   0.0036001   0.2330014
1961.95   0.0033994   0.2325455
1962.00   0.0031999   0.2320917
1962.05   0.0030019   0.2316402
1962.10   0.0028052   0.2311911
1962.15   0.0026099   0.2307446
1962.20   0.0024162   0.2303007
1962.25   0.0022239   0.2298597
1962.30   0.0020333   0.2294215
1962.35   0.0018443   0.2289863
1962.40   0.0016569   0.2285543
1962.45   0.0014713   0.2281255
1962.50   0.0012874   0.2277001
1962.55   0.0011053   0.2272782
1962.60   0.0009250   0.2268598
1962.65   0.0007467   0.2264451
1962.70   0.0005702   0.2260342
1962.75   0.0003958   0.2256271
1962.80   0.0002233   0.2252240
1962.85   0.0000529   0.2248250
1962.90  -0.0001155   0.2244301
1962.95  -0.0002817   0.2240395
1963.00  -0.0004458   0.2236531
1963.05  -0.0006077   0.2232712
1963.10  -0.0007674   0.2228937
1963.15  -0.0009248   0.2225209
1963.20  -0.0010799   0.2221526
1963.25  -0.0012328   0.2217890
1963.30  -0.0013832   0.2214302
1963.35  -0.0015314   0.2210762
1963.40  -0.0016771   0.2207272
1963.45  -0.0018204   0.2203831
1963.50  -0.0019612   0.2200440
1963.55  -0.0020995   0.2197099
1963.60  -0.0022354   0.2193810
1963.65  -0.0023687   0.2190573
1963.70  -0.0024995   0.2187387
1963.75  -0.0026277   0.2184254
1963.80  -0.0027533   0.2181175
1963.85  -0.0028764   0.2178148
1963.90  -0.0029968   0.2175176
1963.95  -0.0031145   0.2172257
1964.00  -0.0032296   0.2169393
1964.05  -0.0033421   0.2166584
1964.10  -0.0034518   0.2163830
1964.15  -0.0035589   0.2161130
1964.20  -0.0036633   0.2158487
1964.25  -0.0037649   0.2155898
1964.30  -0.0038639   0.2153366
1964.35  -0.0039601   0.2150890
1964.40  -0.0040536   0.2148469
1964.45  -0.0041443   0.2146105
1964.50  -0.0042323   0.2143797
1964.55  -0.0043175   0.2141545
1964.60  -0.0044000   0.2139350
1964.65  -0.0044797   0.2137210
1964.70  -0.0045567   0.2135128
1964.75  -0.0046309   0.2133101
1964.80  -0.0047024   0.2131131
1964.85  -0.0047712   0.2129217
1964.90  -0.0048371   0.2127359
1964.95  -0.0049004   0.2125557
1965.00  -0.0049609   0.2123811
1965.05  -0.0050186   0.2122120
1965.10  -0.0050737   0.2120485
1965.15  -0.0051260   0.2118906
1965.20  -0.0051756   0.2117382
1965.25  -0.0052226   0.2115913
1965.30  -0.0052668   0.2114498
1965.35  -0.0053083   0.2113139
1965.40  -0.0053472   0.2111833
1965.45  -0.0053835   0.2110582
1965.50  -0.0054170   0.2109384
1965.55  -0.0054480   0.2108240
1965.60  -0.0054763   0.2107149
1965.65  -0.0055020   0.2106111
1965.70  -0.0055252   0.2105125
1965.75  -0.0055458   0.2104192
1965.80  -0.0055638   0.2103311
1965.85  -0.0055792   0.2102481
1965.90  -0.0055922   0.2101702
1965.95  -0.0056026   0.2100974
1966.00  -0.0056106   0.2100296
1966.05  -0.0056161   0.2099668
1966.10  -0.0056191   0.2099090
1966.15  -0.0056197   0.2098561
1966.20  -0.0056179   0.2098080
1966.25  -0.0056137   0.2097648
1966.30  -0.0056071   0.2097264
1966.35  -0.0055981   0.2096927
1966.40  -0.0055869   0.2096637
1966.45  -0.0055733   0.2096393
1966.50  -0.0055574   0.2096196
1966.55  -0.0055393   0.2096044
1966.60  -0.0055188   0.2095937
1966.65  -0.0054962   0.2095875
1966.70  -0.0054714   0.2095857
1966.75  -0.0054443   0.2095883
1966.80  -0.0054151   0.2095951
1966.85  -0.0053838   0.2096063
1966.90  -0.0053503   0.2096216
1966.95  -0.0053147   0.2096412
1967.00  -0.0052771   0.2096648
1967.05  -0.0052373   0.2096925
1967.10  -0.0051956   0.2097243
1967.15  -0.0051518   0.2097600
1967.20  -0.0051060   0.2097996
1967.25  -0.0050582   0.2098431
1967.30  -0.0050085   0.2098904
1967.35  -0.0049569   0.2099415
1967.40  -0.0049033   0.2099963
1967.45  -0.0048478   0.2100547
1967.50  -0.0047905   0.2101168
1967.55  -0.0047313   0.2101825
1967.60  -0.0046703   0.2102516
1967.65  -0.0046074   0.2103242
1967.70  -0.0045428   0.2104003
1967.75  -0.0044764   0.2104797
1967.80  -0.0044082   0.2105624
1967.85  -0.0043383   0.2106484
1967.90  -0.0042667   0.2107376
1967.95  -0.0041934   0.2108300
1968.00  -0.0041184   0.2109255
1968.05  -0.0040417   0.2110241
1968.10  -0.0039634   0.2111257
1968.15  -0.0038835   0.2112303
1968.20  -0.0038019   0.2113378
1968.25  -0.0037188   0.2114483
1968.30  -0.0036341   0.2115615
1968.35  -0.0035478   0.2116776
1968.40  -0.0034600   0.2117964
1968.45  -0.0033707   0.2119179
1968.50  -0.0032799   0.2120421
1968.55  -0.0031876   0.2121689
1968.60  -0.0030938   0.2122983
1968.65  -0.0029986   0.2124302
1968.70  -0.0029019   0.2125646
1968.75  -0.0028039   0.2127015
1968.80  -0.0027044   0.2128408
1968.85  -0.0026035   0.2129824
1968.90  -0.0025013   0.2131264
1968.95  -0.0023977   0.2132726
1969.00  -0.0022928   0.2134212
1969.05  -0.0021865   0.2135719
1969.10  -0.0020789   0.2137248
1969.15  -0.0019701   0.2138799
1969.20  -0.0018600   0.2140370
1969.25  -0.0017486   0.2141963
1969.30  -0.0016359   0.2143575
1969.35  -0.0015221   0.2145208
1969.40  -0.0014070   0.2146860
1969.45  -0.0012907   0.2148532
1969.50  -0.0011733   0.2150223
1969.55  -0.0010547   0.2151933
1969.60  -0.0009349   0.2153661
1969.65  -0.0008141   0.2155407
1969.70  -0.0006921   0.2157171
1969.75  -0.0005690   0.2158953
1969.80  -0.0004448   0.2160752
1969.85  -0.0003195   0.2162567
1969.90  -0.0001932   0.2164400
1969.95  -0.0000659   0.2166249
1970.00   0.0000624   0.2168115
1970.05   0.0001917   0.2169996
1970.10   0.0003220   0.2171894
1970.15   0.0004533   0.2173806
1970.20   0.0005855   0.2175735
1970.25   0.0007187   0.2177678
1970.30   0.0008527   0.2179636
1970.35   0.0009876   0.2181609
1970.40   0.0011234   0.2183596
1970.45   0.0012601   0.2185598
1970.50   0.0013976   0.2187614
1970.55   0.0015358   0.2189644
1970.60   0.0016749   0.2191688
1970.65   0.0018148   0.2193745
1970.70   0.0019554   0.2195816
1970.75   0.0020967   0.2197901
1970.80   0.0022388   0.2199998
1970.85   0.0023815   0.2202109
1970.90   0.0025249   0.2204233
1970.95   0.0026690   0.2206369
1971.00   0.0028137   0.2208518
1971.05   0.0029590   0.2210680
1971.10   0.0031048   0.2212854
1971.15   0.0032513   0.2215041
1971.20   0.0033983   0.2217240
1971.25   0.0035457   0.2219451
1971.30   0.0036937   0.2221675
1971.35   0.0038422   0.2223910
1971.40   0.0039911   0.2226158
1971.45   0.0041404   0.2228417
1971.50   0.0042901   0.2230688
1971.55   0.0044402   0.2232971
1971.60   0.0045907   0.2235266
1971.65   0.0047415   0.2237572
1971.70   0.0048926   0.2239890
1971.75   0.0050439   0.2242219
1971.80   0.0051956   0.2244560
1971.85   0.0053474   0.2246913
1971.90   0.0054995   0.2249276
1971.95   0.0056517   0.2251652
1972.00   0.0058042   0.2254038
1972.05   0.0059567   0.2256436
1972.10   0.0061094   0.2258846
1972.15   0.0062621   0.2261266
1972.20   0.0064149   0.2263698
1972.25   0.0065677   0.2266141
1972.30   0.0067206   0.2268595
1972.35   0.0068734   0.2271060
1972.40   0.0070262   0.2273537
1972.45   0.0071789   0.2276025
1972.50   0.0073316   0.2278523
1972.55   0.0074841   0.2281033
1972.60   0.0076365   0.2283554
1972.65   0.0077888   0.2286086
1972.70   0.0079408   0.2288629
1972.75   0.0080927   0.2291184
1972.80   0.0082443   0.2293749
1972.85   0.0083957   0.2296325
1972.90   0.0085468   0.2298912
1972.95   0.0086977   0.2301510
1973.00   0.0088482   0.2304119
1973.05   0.0089983   0.2306739
1973.10   0.0091481   0.2309370
1973.15   0.0092975   0.2312012
1973.20   0.0094466   0.2314664
1973.25   0.0095951   0.2317328
1973.30   0.0097433   0.2320002
1973.35   0.0098910   0.2322687
1973.40   0.0100382   0.2325382
1973.45   0.0101849   0.2328089
1973.50   0.0103311   0.2330806
1973.55   0.0104768   0.2333533
1973.60   0.0106219   0.2336271
1973.65   0.0107664   0.2339020
1973.70   0.0109104   0.2341779
1973.75   0.0110538   0.2344548
1973.80   0.0111965   0.2347328
1973.85   0.0113386   0.2350118
1973.90   0.0114801   0.2352918
1973.95   0.0116209   0.2355728
1974.00   0.0117611   0.2358549
1974.05   0.0119005   0.2361379
1974.10   0.0120393   0.2364219
1974.15   0.0121774   0.2367069
1974.20   0.0123148   0.2369929
1974.25   0.0124514   0.2372799
1974.30   0.0125873   0.2375678
1974.35   0.0127225   0.2378566
1974.40   0.0128569   0.2381464
1974.45   0.0129906   0.2384371
1974.50   0.0131235   0.2387287
1974.55   0.0132556   0.2390212
1974.60   0.0133870   0.2393145
1974.65   0.0135176   0.2396088
1974.70   0.0136475   0.2399039
1974.75   0.0137765   0.2401999
1974.80   0.0139048   0.2404967
1974.85   0.0140323   0.2407943
1974.90   0.0141590   0.2410927
1974.95   0.0142849   0.2413920
1975.00   0.0144100   0.2416919
1975.05   0.0145344   0.2419927
1975.10   0.0146580   0.2422942
1975.15   0.0147808   0.2425964
1975.20   0.0149028   0.2428993
1975.25   0.0150241   0.2432028
1975.30   0.0151446   0.2435071
1975.35   0.0152643   0.2438120
1975.40   0.0153833   0.2441175
1975.45   0.0155016   0.2444237
1975.50   0.0156191   0.2447304
1975.55   0.0157359   0.2450377
1975.60   0.0158520   0.2453455
1975.65   0.0159673   0.2456539
1975.70   0.0160820   0.2459628
1975.75   0.0161959   0.2462721
1975.80   0.0163092   0.2465819
1975.85   0.0164218   0.2468922
1975.90   0.0165338   0.2472028
1975.95   0.0166451   0.2475139
1976.00   0.0167558   0.2478253
1976.05   0.0168658   0.2481370
1976.10   0.0169753   0.2484491
1976.15   0.0170842   0.2487615
1976.20   0.0171925   0.2490741
1976.25   0.0173002   0.2493869
1976.30   0.0174074   0.2497000
1976.35   0.0175141   0.2500133
1976.40   0.0176202   0.2503267
1976.45   0.0177259   0.2506402
1976.50   0.0178311   0.2509539
1976.55   0.0179358   0.2512676
1976.60   0.0180401   0.2515814
1976.65   0.0181440   0.2518952
1976.70   0.0182474   0.2522090
1976.75   0.0183505   0.2525228
1976.80   0.0184532   0.2528365
1976.85   0.0185556   0.2531501
1976.90   0.0186576   0.2534637
1976.95   0.0187593   0.2537770
1977.00   0.0188608   0.2540902
1977.05   0.0189619   0.2544032
1977.10   0.0190629   0.2547159
1977.15   0.0191635   0.2550284
1977.20   0.0192640   0.2553406
1977.25   0.0193643   0.2556524
1977.30   0.0194644   0.2559639
1977.35   0.0195644   0.2562750
1977.40   0.0196642   0.2565858
1977.45   0.0197639   0.2568960
1977.50   0.0198635   0.2572058
1977.55   0.0199631   0.2575151
1977.60   0.0200626   0.2578239
1977.65   0.0201620   0.2581321
1977.70   0.0202615   0.2584397
1977.75   0.0203610   0.2587467
1977.80   0.0204604   0.2590530
1977.85   0.0205600   0.2593587
1977.90   0.0206596   0.2596636
1977.95   0.0207592   0.2599678
1978.00   0.0208590   0.2602713
1978.05   0.0209589   0.2605739
1978.10   0.0210589   0.2608758
1978.15   0.0211591   0.2611767
1978.20   0.0212594   0.2614768
1978.25   0.0213599   0.2617760
1978.30   0.0214606   0.2620743
1978.35   0.0215616   0.2623715
1978.40   0.0216628   0.2626678
1978.45   0.0217642   0.2629631
1978.50   0.0218659   0.2632573
1978.55   0.0219678   0.2635504
1978.60   0.0220701   0.2638425
1978.65   0.0221726   0.2641334
1978.70   0.0222755   0.2644231
1978.75   0.0223787   0.2647117
1978.80   0.0224822   0.2649991
1978.85   0.0225861   0.2652852
1978.90   0.0226904   0.2655701
1978.95   0.0227951   0.2658537
1979.00   0.0229001   0.2661360
1979.05   0.0230055   0.2664170
1979.10   0.0231113   0.2666966
1979.15   0.0232176   0.2669749
1979.20   0.0233242   0.2672518
1979.25   0.0234313   0.2675273
1979.30   0.0235388   0.2678013
1979.35   0.0236468   0.2680739
1979.40   0.0237552   0.2683450
1979.45   0.0238641   0.2686146
1979.50   0.0239734   0.2688827
1979.55   0.0240832   0.2691493
1979.60   0.0241935   0.2694143
1979.65   0.0243042   0.2696778
1979.70   0.0244154   0.2699397
1979.75   0.0245270   0.2702000
1979.80   0.0246392   0.2704586
1979.85   0.0247518   0.2707157
1979.90   0.0248648   0.2709711
1979.95   0.0249784   0.2712249
1980.00   0.0250924   0.2714770
1980.05   0.0252069   0.2717274
1980.10   0.0253219   0.2719762
1980.15   0.0254373   0.2722233
1980.20   0.0255532   0.2724686
1980.25   0.0256695   0.2727123
1980.30   0.0257863   0.2729542
1980.35   0.0259036   0.2731944
1980.40   0.0260213   0.2734328
1980.45   0.0261394   0.2736695
1980.50   0.0262579   0.2739045
1980.55   0.0263769   0.2741377
1980.60   0.0264963   0.2743692
1980.65   0.0266161   0.2745989
1980.70   0.0267362   0.2748269
1980.75   0.0268568   0.2750531
1980.80   0.0269777   0.2752776
1980.85   0.0270991   0.2755003
1980.90   0.0272207   0.2757212
1980.95   0.0273427   0.2759404
1981.00   0.0274651   0.2761579
1981.05   0.0275877   0.2763736
1981.10   0.0277107   0.2765876
1981.15   0.0278339   0.2767998
1981.20   0.0279574   0.2770104
1981.25   0.0280812   0.2772192
1981.30   0.0282053   0.2774263
1981.35   0.0283296   0.2776317
1981.40   0.0284541   0.2778354
1981.45   0.0285788   0.2780375
1981.50   0.0287037   0.2782378
1981.55   0.0288287   0.2784366
1981.60   0.0289540   0.2786337
1981.65   0.0290793   0.2788291
1981.70   0.0292048   0.2790230
1981.75   0.0293304   0.2792153
1981.80   0.0294561   0.2794060
1981.85   0.0295818   0.2795952
1981.90   0.0297076   0.2797828
1981.95   0.0298334   0.2799689
1982.00   0.0299593   0.2801535
1982.05   0.0300851   0.2803367
1982.10   0.0302109   0.2805184
1982.15   0.0303367   0.2806986
1982.20   0.0304624   0.2808775
1982.25   0.0305880   0.2810550
1982.30   0.0307135   0.2812311
1982.35   0.0308389   0.2814059
1982.40   0.0309641   0.2815794
1982.45   0.0310892   0.2817516
1982.50   0.0312141   0.2819226
1982.55   0.0313388   0.2820923
1982.60   0.0314632   0.2822609
1982.65   0.0315875   0.2824283
1982.70   0.0317114   0.2825946
1982.75   0.0318351   0.2827597
1982.80   0.0319584   0.2829239
1982.85   0.0320815   0.2830869
1982.90   0.0322042   0.2832490
1982.95   0.0323265   0.2834101
1983.00   0.0324484   0.2835702
1983.05   0.0325699   0.2837295
1983.10   0.0326910   0.2838879
1983.15   0.0328117   0.2840455
1983.20   0.0329319   0.2842022
1983.25   0.0330516   0.2843582
1983.30   0.0331708   0.2845135
1983.35   0.0332894   0.2846681
1983.40   0.0334075   0.2848220
1983.45   0.0335251   0.2849753
1983.50   0.0336420   0.2851280
1983.55   0.0337584   0.2852802
1983.60   0.0338742   0.2854319
1983.65   0.0339893   0.2855831
1983.70   0.0341037   0.2857339
1983.75   0.0342175   0.2858843
1983.80   0.0343305   0.2860343
1983.85   0.0344429   0.2861840
1983.90   0.0345545   0.2863335
1983.95   0.0346654   0.2864827
1984.00   0.0347755   0.2866317
1984.05   0.0348849   0.2867805
1984.10   0.0349934   0.2869292
1984.15   0.0351011   0.2870778
1984.20   0.0352080   0.2872264
1984.25   0.0353141   0.2873750
1984.30   0.0354193   0.2875236
1984.35   0.0355237   0.2876722
1984.40   0.0356271   0.2878210
1984.45   0.0357296   0.2879698
1984.50   0.0358313   0.2881189
1984.55   0.0359320   0.2882682
1984.60   0.0360317   0.2884177
1984.65   0.0361306   0.2885674
1984.70   0.0362284   0.2887175
1984.75   0.0363253   0.2888680
1984.80   0.0364211   0.2890188
1984.85   0.0365160   0.2891701
1984.90   0.0366099   0.2893218
1984.95   0.0367027   0.2894739
1985.00   0.0367945   0.2896266
1985.05   0.0368853   0.2897799
1985.10   0.0369750   0.2899337
1985.15   0.0370637   0.2900881
1985.20   0.0371513   0.2902432
1985.25   0.0372378   0.2903989
1985.30   0.0373232   0.2905554
1985.35   0.0374075   0.2907125
1985.40   0.0374908   0.2908704
1985.45   0.0375729   0.2910291
1985.50   0.0376539   0.2911886
1985.55   0.0377338   0.2913489
1985.60   0.0378125   0.2915101
1985.65   0.0378901   0.2916722
1985.70   0.0379666   0.2918351
1985.75   0.0380420   0.2919990
1985.80   0.0381162   0.2921638
1985.85   0.0381892   0.2923296
1985.90   0.0382611   0.2924964
1985.95   0.0383319   0.2926641
1986.00   0.0384014   0.2928329
1986.05   0.0384699   0.2930028
1986.10   0.0385371   0.2931737
1986.15   0.0386032   0.2933456
1986.20   0.0386681   0.2935187
1986.25   0.0387318   0.2936928
1986.30   0.0387944   0.2938681
1986.35   0.0388558   0.2940444
1986.40   0.0389160   0.2942220
1986.45   0.0389751   0.2944006
1986.50   0.0390329   0.2945804
1986.55   0.0390896   0.2947614
1986.60   0.0391452   0.2949435
1986.65   0.0391995   0.2951268
1986.70   0.0392527   0.2953113
1986.75   0.0393047   0.2954970
1986.80   0.0393555   0.2956839
1986.85   0.0394052   0.2958719
1986.90   0.0394537   0.2960612
1986.95   0.0395011   0.2962516
1987.00   0.0395473   0.2964432
1987.05   0.0395923   0.2966361
1987.10   0.0396362   0.2968301
1987.15   0.0396789   0.2970253
1987.20   0.0397205   0.2972217
1987.25   0.0397609   0.2974193
1987.30   0.0398002   0.2976180
1987.35   0.0398384   0.2978179
1987.40   0.0398754   0.2980190
1987.45   0.0399113   0.2982213
1987.50   0.0399461   0.2984246
1987.55   0.0399798   0.2986291
1987.60   0.0400124   0.2988348
1987.65   0.0400438   0.2990415
1987.70   0.0400742   0.2992494
1987.75   0.0401035   0.2994583
1987.80   0.0401316   0.2996683
1987.85   0.0401587   0.2998794
1987.90   0.0401847   0.3000915
1987.95   0.0402097   0.3003047
1988.00   0.0402336   0.3005189
1988.05   0.0402564   0.3007340
1988.10   0.0402782   0.3009502
1988.15   0.0402989   0.3011673
1988.20   0.0403186   0.3013853
1988.25   0.0403372   0.3016043
1988.30   0.0403549   0.3018241
1988.35   0.0403715   0.3020449
1988.40   0.0403871   0.3022665
1988.45   0.0404017   0.3024889
1988.50   0.0404154   0.3027121
1988.55   0.0404280   0.3029362
1988.60   0.0404397   0.3031610
1988.65   0.0404504   0.3033865
1988.70   0.0404601   0.3036127
1988.75   0.0404689   0.3038397
1988.80   0.0404768   0.3040673
1988.85   0.0404837   0.3042955
1988.90   0.0404897   0.3045244
1988.95   0.0404947   0.3047538
1989.00   0.0404989   0.3049838
1989.05   0.0405022   0.3052143
1989.10   0.0405046   0.3054453
1989.15   0.0405061   0.3056768
1989.20   0.0405067   0.3059087
1989.25   0.0405065   0.3061411
1989.30   0.0405054   0.3063738
1989.35   0.0405035   0.3066069
1989.40   0.0405008   0.3068403
1989.45   0.0404972   0.3070740
1989.50   0.0404929   0.3073079
1989.55   0.0404877   0.3075421
1989.60   0.0404818   0.3077765
1989.65   0.0404750   0.3080110
1989.70   0.0404676   0.3082457
1989.75   0.0404593   0.3084805
1989.80   0.0404503   0.3087154
1989.85   0.0404406   0.3089503
1989.90   0.0404302   0.3091852
1989.95   0.0404191   0.3094202
1990.00   0.0404072   0.3096550
1990.05   0.0403947   0.3098898
1990.10   0.0403816   0.3101245
1990.15   0.0403677   0.3103590
1990.20   0.0403532   0.3105933
1990.25   0.0403381   0.3108274
1990.30   0.0403224   0.3110613
1990.35   0.0403060   0.3112949
1990.40   0.0402891   0.3115282
1990.45   0.0402716   0.3117612
1990.50   0.0402535   0.3119938
1990.55   0.0402349   0.3122260
1990.60   0.0402157   0.3124578
1990.65   0.0401960   0.3126892
1990.70   0.0401758   0.3129200
1990.75   0.0401551   0.3131503
1990.80   0.0401339   0.3133801
1990.85   0.0401123   0.3136093
1990.90   0.0400902   0.3138378
1990.95   0.0400676   0.3140658
1991.00   0.0400447   0.3142931
1991.05   0.0400213   0.3145196
1991.10   0.0399975   0.3147455
1991.15   0.0399734   0.3149706
1991.20   0.0399489   0.3151949
1991.25   0.0399241   0.3154184
1991.30   0.0398989   0.3156411
1991.35   0.0398734   0.3158629
1991.40   0.0398477   0.3160838
1991.45   0.0398216   0.3163038
1991.50   0.0397953   0.3165229
1991.55   0.0397688   0.3167410
1991.60   0.0397420   0.3169581
1991.65   0.0397150   0.3171741
1991.70   0.0396878   0.3173892
1991.75   0.0396605   0.3176032
1991.80   0.0396330   0.3178161
1991.85   0.0396053   0.3180278
1991.90   0.0395776   0.3182385
1991.95   0.0395497   0.3184480
1992.00   0.0395217   0.3186563
1992.05   0.0394937   0.3188634
1992.10   0.0394656   0.3190693
1992.15   0.0394375   0.3192740
1992.20   0.0394094   0.3194774
1992.25   0.0393813   0.3196795
1992.30   0.0393532   0.3198803
1992.35   0.0393252   0.3200798
1992.40   0.0392972   0.3202780
1992.45   0.0392693   0.3204748
1992.50   0.0392415   0.3206703
1992.55   0.0392138   0.3208644
1992.60   0.0391862   0.3210571
1992.65   0.0391589   0.3212484
1992.70   0.0391316   0.3214383
1992.75   0.0391046   0.3216267
1992.80   0.0390778   0.3218137
1992.85   0.0390512   0.3219992
1992.90   0.0390249   0.3221832
1992.95   0.0389988   0.3223658
1993.00   0.0389731   0.3225469
1993.05   0.0389476   0.3227264
1993.10   0.0389224   0.3229045
1993.15   0.0388976   0.3230810
1993.20   0.0388732   0.3232560
1993.25   0.0388491   0.3234294
1993.30   0.0388255   0.3236013
1993.35   0.0388023   0.3237717
1993.40   0.0387795   0.3239405
1993.45   0.0387571   0.3241077
1993.50   0.0387352   0.3242734
1993.55   0.0387138   0.3244375
1993.60   0.0386930   0.3246000
1993.65   0.0386726   0.3247609
1993.70   0.0386528   0.3249203
1993.75   0.0386335   0.3250781
1993.80   0.0386149   0.3252343
1993.85   0.0385968   0.3253889
1993.90   0.0385793   0.3255419
1993.95   0.0385625   0.3256934
1994.00   0.0385463   0.3258433
1994.05   0.0385308   0.3259916
1994.10   0.0385159   0.3261383
1994.15   0.0385018   0.3262835
1994.20   0.0384883   0.3264271
1994.25   0.0384756   0.3265691
1994.30   0.0384636   0.3267096
1994.35   0.0384524   0.3268485
1994.40   0.0384419   0.3269859
1994.45   0.0384322   0.3271218
1994.50   0.0384233   0.3272561
1994.55   0.0384153   0.3273889
1994.60   0.0384080   0.3275202
1994.65   0.0384016   0.3276500
1994.70   0.0383960   0.3277783
1994.75   0.0383914   0.3279051
1994.80   0.0383875   0.3280304
1994.85   0.0383846   0.3281543
1994.90   0.0383826   0.3282768
1994.95   0.0383815   0.3283978
1995.00   0.0383813   0.3285173
1995.05   0.0383820   0.3286355
1995.10   0.0383837   0.3287523
1995.15   0.0383864   0.3288677
1995.20   0.0383900   0.3289817
1995.25   0.0383946   0.3290943
1995.30   0.0384001   0.3292057
1995.35   0.0384067   0.3293157
1995.40   0.0384143   0.3294244
1995.45   0.0384228   0.3295318
1995.50   0.0384324   0.3296380
1995.55   0.0384430   0.3297429
1995.60   0.0384547   0.3298466
1995.65   0.0384674   0.3299490
1995.70   0.0384811   0.3300503
1995.75   0.0384959   0.3301504
1995.80   0.0385118   0.3302493
1995.85   0.0385287   0.3303471
1995.90   0.0385467   0.3304438
1995.95   0.0385657   0.3305394
1996.00   0.0385859   0.3306339
1996.05   0.0386071   0.3307273
1996.10   0.0386294   0.3308198
1996.15   0.0386528   0.3309112
1996.20   0.0386773   0.3310016
1996.25   0.0387028   0.3310911
1996.30   0.0387295   0.3311796
1996.35   0.0387573   0.3312672
1996.40   0.0387861   0.3313539
1996.45   0.0388161   0.3314398
1996.50   0.0388472   0.3315247
1996.55   0.0388794   0.3316089
1996.60   0.0389127   0.3316923
1996.65   0.0389470   0.3317748
1996.70   0.0389825   0.3318566
1996.75   0.0390191   0.3319377
1996.80   0.0390568   0.3320181
1996.85   0.0390956   0.3320978
1996.90   0.0391355   0.3321768
1996.95   0.0391765   0.3322552
1997.00   0.0392185   0.3323330
1997.05   0.0392617   0.3324102
1997.10   0.0393059   0.3324868
1997.15   0.0393513   0.3325629
1997.20   0.0393977   0.3326384
1997.25   0.0394452   0.3327135
1997.30   0.0394938   0.3327881
1997.35   0.0395434   0.3328622
1997.40   0.0395941   0.3329360
1997.45   0.0396458   0.3330093
1997.50   0.0396986   0.3330823
1997.55   0.0397525   0.3331549
1997.60   0.0398074   0.3332272
1997.65   0.0398633   0.3332992
1997.70   0.0399203   0.3333709
1997.75   0.0399783   0.3334423
1997.80   0.0400373   0.3335135
1997.85   0.0400973   0.3335845
1997.90   0.0401584   0.3336553
1997.95   0.0402204   0.3337259
1998.00   0.0402834   0.3337964
1998.05   0.0403474   0.3338667
1998.10   0.0404124   0.3339370
1998.15   0.0404783   0.3340071
1998.20   0.0405452   0.3340772
1998.25   0.0406131   0.3341472
1998.30   0.0406819   0.3342173
1998.35   0.0407516   0.3342873
1998.40   0.0408223   0.3343573
1998.45   0.0408939   0.3344273
1998.50   0.0409664   0.3344974
1998.55   0.0410398   0.3345676
1998.60   0.0411140   0.3346378
1998.65   0.0411892   0.3347082
1998.70   0.0412653   0.3347787
1998.75   0.0413422   0.3348493
1998.80   0.0414200   0.3349200
1998.85   0.0414986   0.3349909
1998.90   0.0415781   0.3350620
1998.95   0.0416584   0.3351333
1999.00   0.0417396   0.3352048
1999.05   0.0418215   0.3352765
1999.10   0.0419043   0.3353485
1999.15   0.0419879   0.3354206
1999.20   0.0420722   0.3354931
1999.25   0.0421574   0.3355658
1999.30   0.0422433   0.3356388
1999.35   0.0423300   0.3357121
1999.40   0.0424174   0.3357857
1999.45   0.0425056   0.3358596
1999.50   0.0425945   0.3359338
1999.55   0.0426842   0.3360083
1999.60   0.0427746   0.3360832
1999.65   0.0428658   0.3361584
1999.70   0.0429576   0.3362339
1999.75   0.0430501   0.3363098
1999.80   0.0431434   0.3363861
1999.85   0.0432373   0.3364627
1999.90   0.0433319   0.3365397
1999.95   0.0434272   0.3366170
2000.00   0.0435232   0.3366947
2000.05   0.0436199   0.3367728
2000.10   0.0437172   0.3368512
2000.15   0.0438151   0.3369300
2000.20   0.0439138   0.3370092
2000.25   0.0440130   0.3370888
2000.30   0.0441130   0.3371687
2000.35   0.0442135   0.3372490
2000.40   0.0443147   0.3373297
2000.45   0.0444165   0.3374107
2000.50   0.0445190   0.3374921
2000.55   0.0446221   0.3375739
2000.60   0.0447258   0.3376560
2000.65   0.0448301   0.3377384
2000.70   0.0449350   0.3378212
2000.75   0.0450406   0.3379044
2000.80   0.0451468   0.3379878
2000.85   0.0452536   0.3380716
2000.90   0.0453610   0.3381556
2000.95   0.0454690   0.3382400
2001.00   0.0455776   0.3383247
2001.05   0.0456869   0.3384096
2001.10   0.0457967   0.3384949
2001.15   0.0459072   0.3385804
2001.20   0.0460183   0.3386661
2001.25   0.0461300   0.3387521
2001.30   0.0462424   0.3388382
2001.35   0.0463554   0.3389247
2001.40   0.0464690   0.3390113
2001.45   0.0465832   0.3390980
2001.50   0.0466981   0.3391850
2001.55   0.0468136   0.3392721
2001.60   0.0469297   0.3393593
2001.65   0.0470465   0.3394467
2001.70   0.0471640   0.3395341
2001.75   0.0472821   0.3396217
2001.80   0.0474009   0.3397093
2001.85   0.0475204   0.3397970
2001.90   0.0476405   0.3398847
2001.95   0.0477613   0.3399724
2002.00   0.0478828   0.3400601
2002.05   0.0480051   0.3401478
2002.10   0.0481280   0.3402355
2002.15   0.0482516   0.3403231
2002.20   0.0483760   0.3404106
2002.25   0.0485011   0.3404980
2002.30   0.0486270   0.3405853
2002.35   0.0487536   0.3406724
2002.40   0.0488810   0.3407594
2002.45   0.0490091   0.3408462
2002.50   0.0491381   0.3409327
2002.55   0.0492678   0.3410191
2002.60   0.0493983   0.3411052
2002.65   0.0495297   0.3411910
2002.70   0.0496619   0.3412765
2002.75   0.0497949   0.3413617
2002.80   0.0499288   0.3414465
2002.85   0.0500635   0.3415310
2002.90   0.0501992   0.3416151
2002.95   0.0503357   0.3416988
2003.00   0.0504731   0.3417821
2003.05   0.0506114   0.3418649
2003.10   0.0507507   0.3419472
2003.15   0.0508908   0.3420290
2003.20   0.0510320   0.3421103
2003.25   0.0511741   0.3421910
2003.30   0.0513172   0.3422712
2003.35   0.0514613   0.3423508
2003.40   0.0516063   0.3424298
2003.45   0.0517524   0.3425081
2003.50   0.0518996   0.3425858
2003.55   0.0520477   0.3426628
2003.60   0.0521970   0.3427391
2003.65   0.0523473   0.3428147
2003.70   0.0524986   0.3428896
2003.75   0.0526511   0.3429636
2003.80   0.0528047   0.3430369
2003.85   0.0529594   0.3431094
2003.90   0.0531152   0.3431811
2003.95   0.0532722   0.3432520
2004.00   0.0534303   0.3433219
2004.05   0.0535896   0.3433910
2004.10   0.0537501   0.3434592
2004.15   0.0539118   0.3435265
2004.20   0.0540746   0.3435929
2004.25   0.0542387   0.3436583
2004.30   0.0544040   0.3437227
2004.35   0.0545705   0.3437862
2004.40   0.0547383   0.3438486
2004.45   0.0549073   0.3439101
2004.50   0.0550776   0.3439705
2004.55   0.0552492   0.3440299
2004.60   0.0554220   0.3440882
2004.65   0.0555961   0.3441455
2004.70   0.0557715   0.3442017
2004.75   0.0559482   0.3442568
2004.80   0.0561262   0.3443108
2004.85   0.0563056   0.3443637
2004.90   0.0564862   0.3444155
2004.95   0.0566682   0.3444662
2005.00   0.0568515   0.3445158
2005.05   0.0570362   0.3445642
2005.10   0.0572221   0.3446114
2005.15   0.0574094   0.3446575
2005.20   0.0575981   0.3447025
2005.25   0.0577881   0.3447463
2005.30   0.0579795   0.3447889
2005.35   0.0581722   0.3448303
2005.40   0.0583662   0.3448706
2005.45   0.0585616   0.3449098
2005.50   0.0587584   0.3449477
2005.55   0.0589565   0.3449845
2005.60   0.0591559   0.3450201
2005.65   0.0593567   0.3450546
2005.70   0.0595588   0.3450879
2005.75   0.0597623   0.3451200
2005.80   0.0599670   0.3451510
2005.85   0.0601732   0.3451808
2005.90   0.0603806   0.3452095
2005.95   0.0605893   0.3452371
2006.00   0.0607994   0.3452635
2006.05   0.0610107   0.3452888
2006.10   0.0612234   0.3453130
2006.15   0.0614373   0.3453361
2006.20   0.0616525   0.3453581
2006.25   0.0618690   0.3453790
2006.30   0.0620867   0.3453989
2006.35   0.0623057   0.3454177
2006.40   0.0625259   0.3454355
2006.45   0.0627473   0.3454523
2006.50   0.0629699   0.3454680
2006.55   0.0631937   0.3454828
2006.60   0.0634187   0.3454966
2006.65   0.0636448   0.3455094
2006.70   0.0638721   0.3455213
2006.75   0.0641005   0.3455323
2006.80   0.0643300   0.3455424
2006.85   0.0645607   0.3455516
2006.90   0.0647924   0.3455600
2006.95   0.0650252   0.3455675
2007.00   0.0652590   0.3455742
2007.05   0.0654938   0.3455802
2007.10   0.0657297   0.3455854
2007.15   0.0659665   0.3455898
2007.20   0.0662043   0.3455935
2007.25   0.0664430   0.3455966
2007.30   0.0666827   0.3455990
2007.35   0.0669232   0.3456008
2007.40   0.0671647   0.3456019
2007.45   0.0674070   0.3456025
2007.50   0.0676501   0.3456026
2007.55   0.0678941   0.3456021
2007.60   0.0681388   0.3456011
2007.65   0.0683843   0.3455997
2007.70   0.0686305   0.3455979
2007.75   0.0688775   0.3455957
2007.80   0.0691251   0.3455931
2007.85   0.0693734   0.3455901
2007.90   0.0696224   0.3455869
2007.95   0.0698719   0.3455834
2008.00   0.0701221   0.3455797
2008.05   0.0703728   0.3455757
2008.10   0.0706241   0.3455716
2008.15   0.0708759   0.3455674
2008.20   0.0711282   0.3455630
2008.25   0.0713809   0.3455586
2008.30   0.0716341   0.3455542
2008.35   0.0718877   0.3455497
2008.40   0.0721417   0.3455453
2008.45   0.0723960   0.3455409
2008.50   0.0726507   0.3455366
2008.55   0.0729057   0.3455325
2008.60   0.0731610   0.3455285
2008.65   0.0734166   0.3455247
2008.70   0.0736724   0.3455212
2008.75   0.0739284   0.3455179
2008.80   0.0741845   0.3455149
2008.85   0.0744409   0.3455123
2008.90   0.0746974   0.3455100
2008.95   0.0749540   0.3455081
2009.00   0.0752107   0.3455066
2009.05   0.0754674   0.3455056
2009.10   0.0757242   0.3455051
2009.15   0.0759810   0.3455051
2009.20   0.0762378   0.3455056
2009.25   0.0764946   0.3455068
2009.30   0.0767514   0.3455085
2009.35   0.0770080   0.3455109
2009.40   0.0772646   0.3455140
2009.45   0.0775211   0.3455177
2009.50   0.0777774   0.3455222
2009.55   0.0780336   0.3455275
2009.60   0.0782896   0.3455335
2009.65   0.0785455   0.3455404
2009.70   0.0788011   0.3455480
2009.75   0.0790565   0.3455566
2009.80   0.0793116   0.3455660
2009.85   0.0795665   0.3455763
2009.90   0.0798211   0.3455876
2009.95   0.0800754   0.3455998
2010.00   0.0803294   0.3456130
2010.05   0.0805831   0.3456272
2010.10   0.0808364   0.3456424
2010.15   0.0810893   0.3456586
2010.20   0.0813419   0.3456759
2010.25   0.0815942   0.3456943
2010.30   0.0818460   0.3457137
2010.35   0.0820974   0.3457343
2010.40   0.0823484   0.3457559
2010.45   0.0825990   0.3457787
2010.50   0.0828491   0.3458027
2010.55   0.0830988   0.3458278
2010.60   0.0833480   0.3458540
2010.65   0.0835967   0.3458815
2010.70   0.0838450   0.3459101
2010.75   0.0840928   0.3459400
2010.80   0.0843401   0.3459710
2010.85   0.0845870   0.3460033
2010.90   0.0848333   0.3460367
2010.95   0.0850791   0.3460714
2011.00   0.0853244   0.3461073
2011.05   0.0855692   0.3461445
2011.10   0.0858134   0.3461828
2011.15   0.0860572   0.3462224
2011.20   0.0863004   0.3462633
2011.25   0.0865431   0.3463053
2011.30   0.0867853   0.3463486
2011.35   0.0870269   0.3463931
2011.40   0.0872680   0.3464388
2011.45   0.0875086   0.3464858
2011.50   0.0877487   0.3465339
2011.55   0.0879882   0.3465832
2011.60   0.0882272   0.3466338
2011.65   0.0884657   0.3466855
2011.70   0.0887037   0.3467384
2011.75   0.0889411   0.3467924
2011.80   0.0891780   0.3468476
2011.85   0.0894145   0.3469039
2011.90   0.0896504   0.3469614
2011.95   0.0898858   0.3470199
2012.00   0.0901207   0.3470796
2012.05   0.0903552   0.3471403
2012.10   0.0905891   0.3472021
2012.15   0.0908226   0.3472649
2012.20   0.0910556   0.3473288
2012.25   0.0912881   0.3473937
2012.30   0.0915202   0.3474595
2012.35   0.0917518   0.3475263
2012.40   0.0919829   0.3475940
2012.45   0.0922137   0.3476627
2012.50   0.0924439   0.3477323
2012.55   0.0926738   0.3478027
2012.60   0.0929033   0.3478740
2012.65   0.0931323   0.3479461
2012.70   0.0933610   0.3480190
2012.75   0.0935892   0.3480926
2012.80   0.0938171   0.3481670
2012.85   0.0940446   0.3482421
2012.90   0.0942718   0.3483180
2012.95   0.0944986   0.3483944
2013.00   0.0947250   0.3484715
2013.05   0.0949511   0.3485493
2013.10   0.0951769   0.3486275
2013.15   0.0954024   0.3487064
2013.20   0.0956275   0.3487857
2013.25   0.0958524   0.3488655
2013.30   0.0960769   0.3489458
2013.35   0.0963012   0.3490265
2013.40   0.0965252   0.3491076
2013.45   0.0967490   0.3491891
2013.50   0.0969725   0.3492709
2013.55   0.0971957   0.3493530
2013.60   0.0974187   0.3494353
2013.65   0.0976415   0.3495179
2013.70   0.0978641   0.3496007
2013.75   0.0980864   0.3496837
2013.80   0.0983085   0.3497668
2013.85   0.0985305   0.3498500
2013.90   0.0987522   0.3499332
2013.95   0.0989738   0.3500166
2014.00   0.0991952   0.3500999
2014.05   0.0994165   0.3501832
2014.10   0.0996375   0.3502665
2014.15   0.0998585   0.3503497
2014.20   0.1000792   0.3504328
2014.25   0.1002999   0.3505158
2014.30   0.1005203   0.3505985
2014.35   0.1007407   0.3506811
2014.40   0.1009609   0.3507635
2014.45   0.1011811   0.3508456
2014.50   0.1014011   0.3509274
2014.55   0.1016209   0.3510089
2014.60   0.1018407   0.3510900
2014.65   0.1020604   0.3511708
2014.70   0.1022800   0.3512512
2014.75   0.1024994   0.3513312
2014.80   0.1027188   0.3514107
2014.85   0.1029381   0.3514897
2014.90   0.1031573   0.3515683
2014.95   0.1033764   0.3516463
2015.00   0.1035954   0.3517238
2015.05   0.1038143   0.3518007
2015.10   0.1040331   0.3518770
2015.15   0.1042518   0.3519527
2015.20   0.1044705   0.3520277
2015.25   0.1046890   0.3521021
2015.30   0.1049075   0.3521759
2015.35   0.1051258   0.3522489
2015.40   0.1053441   0.3523212
2015.45   0.1055623   0.3523928
2015.50   0.1057803   0.3524637
2015.55   0.1059983   0.3525338
2015.60   0.1062161   0.3526031
2015.65   0.1064339   0.3526716
2015.70   0.1066515   0.3527393
2015.75   0.1068690   0.3528062
2015.80   0.1070863   0.3528723
2015.85   0.1073035   0.3529375
2015.90   0.1075206   0.3530018
2015.95   0.1077375   0.3530653
2016.00   0.1079543   0.3531279
2016.05   0.1081709   0.3531897
2016.10   0.1083874   0.3532505
2016.15   0.1086037   0.3533105
2016.20   0.1088198   0.3533695
2016.25   0.1090357   0.3534276
2016.30   0.1092514   0.3534848
2016.35   0.1094668   0.3535411
2016.40   0.1096821   0.3535965
2016.45   0.1098971   0.3536509
2016.50   0.1101119   0.3537044
2016.55   0.1103265   0.3537570
2016.60   0.1105407   0.3538086
2016.65   0.1107547   0.3538593
2016.70   0.1109684   0.3539091
2016.75   0.1111819   0.3539579
2016.80   0.1113950   0.3540059
2016.85   0.1116078   0.3540529
2016.90   0.1118202   0.3540990
2016.95   0.1120323   0.3541441
2017.00   0.1122441   0.3541884
2017.05   0.1124555   0.3542318
2017.10   0.1126665   0.3542742
2017.15   0.1128771   0.3543158
2017.20   0.1130872   0.3543564
2017.25   0.1132970   0.3543962
2017.30   0.1135063   0.3544352
2017.35   0.1137152   0.3544733
2017.40   0.1139236   0.3545105
2017.45   0.1141315   0.3545469
2017.50   0.1143389   0.3545824
2017.55   0.1145458   0.3546171
2017.60   0.1147522   0.3546511
2017.65   0.1149580   0.3546842
2017.70   0.1151633   0.3547165
2017.75   0.1153680   0.3547481
2017.80   0.1155721   0.3547789
2017.85   0.1157756   0.3548090
2017.90   0.1159785   0.3548383
2017.95   0.1161807   0.3548669
2018.00   0.1163823   0.3548948
2018.05   0.1165833   0.3549221
2018.10   0.1167835   0.3549486
2018.15   0.1169831   0.3549745
2018.20   0.1171820   0.3549998
2018.25   0.1173801   0.3550244
2018.30   0.1175775   0.3550484
2018.35   0.1177741   0.3550718
2018.40   0.1179700   0.3550947
2018.45   0.1181651   0.3551169
2018.50   0.1183593   0.3551387
2018.55   0.1185528   0.3551599
2018.60   0.1187454   0.3551805
2018.65   0.1189372   0.3552007
2018.70   0.1191282   0.3552205
2018.75   0.1193182   0.3552397
2018.80   0.1195074   0.3552585
2018.85   0.1196956   0.3552769
2018.90   0.1198830   0.3552949
2018.95   0.1200694   0.3553125
2019.00   0.1202549   0.3553297
2019.05   0.1204394   0.3553465
2019.10   0.1206230   0.3553630
2019.15   0.1208055   0.3553792
2019.20   0.1209871   0.3553951
2019.25   0.1211677   0.3554107
2019.30   0.1213472   0.3554260
2019.35   0.1215257   0.3554411
2019.40   0.1217032   0.3554559
2019.45   0.1218796   0.3554706
2019.50   0.1220550   0.3554850
2019.55   0.1222293   0.3554992
2019.60   0.1224024   0.3555132
2019.65   0.1225745   0.3555271
2019.70   0.1227455   0.3555409
2019.75   0.1229153   0.3555545
2019.80   0.1230841   0.3555681
2019.85   0.1232516   0.3555815
2019.90   0.1234181   0.3555949
2019.95   0.1235833   0.3556082
2020.00   0.1237475   0.3556214
2020.05   0.1239104   0.3556346
2020.10   0.1240721   0.3556478
2020.15   0.1242327   0.3556611
2020.20   0.1243921   0.3556743
2020.25   0.1245502   0.3556875
2020.30   0.1247072   0.3557008
2020.35   0.1248629   0.3557141
2020.40   0.1250174   0.3557276
2020.45   0.1251707   0.3557410
2020.50   0.1253227   0.3557546
2020.55   0.1254735   0.3557683
2020.60   0.1256230   0.3557821
2020.65   0.1257713   0.3557961
2020.70   0.1259183   0.3558101
2020.75   0.1260641   0.3558244
2020.80   0.1262086   0.3558388
2020.85   0.1263518   0.3558533
2020.90   0.1264938   0.3558681
2020.95   0.1266345   0.3558831
2021.00   0.1267739   0.3558982
2021.05   0.1269120   0.3559136
2021.10   0.1270489   0.3559292
2021.15   0.1271844   0.3559451
2021.20   0.1273187   0.3559612
2021.25   0.1274517   0.3559775
2021.30   0.1275834   0.3559942
2021.35   0.1277138   0.3560111
2021.40   0.1278429   0.3560282
2021.45   0.1279708   0.3560457
2021.50   0.1280973   0.3560635
2021.55   0.1282226   0.3560815
2021.60   0.1283466   0.3560999
2021.65   0.1284693   0.3561186
2021.70   0.1285907   0.3561377
2021.75   0.1287108   0.3561570
2021.80   0.1288296   0.3561767
2021.85   0.1289472   0.3561968
2021.90   0.1290635   0.3562172
2021.95   0.1291785   0.3562380
2022.00   0.1292922   0.3562591
2022.05   0.1294047   0.3562806
2022.10   0.1295159   0.3563025
2022.15   0.1296258   0.3563248
2022.20   0.1297345   0.3563474
2022.25   0.1298419   0.3563704
2022.30   0.1299481   0.3563939
2022.35   0.1300530   0.3564177
2022.40   0.1301567   0.3564419
2022.45   0.1302591   0.3564666
2022.50   0.1303603   0.3564916
2022.55   0.1304603   0.3565171
2022.60   0.1305591   0.3565429
2022.65   0.1306566   0.3565692
2022.70   0.1307529   0.3565960
2022.75   0.1308481   0.3566231
2022.80   0.1309420   0.3566507
2022.85   0.1310347   0.3566787
2022.90   0.1311263   0.3567071
2022.95   0.1312167   0.3567360
2023.00   0.1313059   0.3567653
2023.05   0.1313939   0.3567951
2023.10   0.1314808   0.3568253
2023.15   0.1315665   0.3568559
2023.20   0.1316510   0.3568870
2023.25   0.1317345   0.3569185
2023.30   0.1318168   0.3569505
2023.35   0.1318980   0.3569829
2023.40   0.1319780   0.3570157
2023.45   0.1320570   0.3570491
2023.50   0.1321348   0.3570828
2023.55   0.1322116   0.3571170
2023.60   0.1322872   0.3571517
2023.65   0.1323618   0.3571868
2023.70   0.1324354   0.3572224
2023.75   0.1325078   0.3572584
2023.80   0.1325793   0.3572949
2023.85   0.1326496   0.3573318
2023.90   0.1327190   0.3573692
2023.95   0.1327873   0.3574070
2024.00   0.1328546   0.3574453
2024.05   0.1329208   0.3574840
2024.10   0.1329861   0.3575232
2024.15   0.1330504   0.3575628
2024.20   0.1331137   0.3576029
2024.25   0.1331761   0.3576434
2024.30   0.1332374   0.3576844
2024.35   0.1332978   0.3577258
2024.40   0.1333573   0.3577677
2024.45   0.1334158   0.3578100
2024.50   0.1334734   0.3578527
2024.55   0.1335301   0.3578959
2024.60   0.1335859   0.3579396
2024.65   0.1336407   0.3579836
2024.70   0.1336947   0.3580282
2024.75   0.1337478   0.3580731
2024.80   0.1338000   0.3581185
